"function evaluation" "current f(x)" "best-so-far f(x)" "current af(x)+b" "best af(x)+b" acq_opt_time model_fit_time cum_iteration_time
1 49739.778853706295 49739.778853706295 49604.6488537063 49604.6488537063 None None None
2 294952.5669294118 49739.778853706295 294817.4369294118 49604.6488537063 None None None
3 809386.8963603409 49739.778853706295 809251.7663603409 49604.6488537063 None None None
4 427304.0932613437 49739.778853706295 427168.9632613437 49604.6488537063 None None None
5 203088.93589372805 49739.778853706295 202953.80589372804 49604.6488537063 None None None
6 242217.78604565124 49739.778853706295 242082.65604565124 49604.6488537063 None None None
7 380888.52332119684 49739.778853706295 380753.39332119684 49604.6488537063 None None None
8 159675.68687064786 49739.778853706295 159540.55687064785 49604.6488537063 None None None
9 253342.33229429324 49739.778853706295 253207.20229429324 49604.6488537063 None None None
10 189730.455992187 49739.778853706295 189595.325992187 49604.6488537063 None None None
11 751231.0302381335 49739.778853706295 751095.9002381335 49604.6488537063 0.3207458250000004 0.3253510369999999 0
12 161721.18065332255 49739.778853706295 161586.05065332254 49604.6488537063 0.308245801 0.4668211040000001 5.462624818
13 930086.142372304 49739.778853706295 929951.012372304 49604.6488537063 0.3483286559999996 0.6081027949999998 6.239992877
14 577395.6456633545 49739.778853706295 577260.5156633545 49604.6488537063 0.2496416340000005 0.48536251700000044 7.198622044
15 579075.1810786908 49739.778853706295 578940.0510786908 49604.6488537063 0.3512910809999994 0.4997107120000006 7.93582654
16 709026.9261945575 49739.778853706295 708891.7961945574 49604.6488537063 0.37717533400000036 0.5110091630000007 8.789206487
17 761775.6928065195 49739.778853706295 761640.5628065194 49604.6488537063 0.3768560129999994 0.5074010840000014 9.679836623
18 466616.58180639474 49739.778853706295 466481.45180639473 49604.6488537063 0.5649243770000005 0.5107834409999992 10.566668774
19 409743.50043580367 49739.778853706295 409608.37043580366 49604.6488537063 0.2826200290000003 0.5697656080000009 11.646302104
20 221714.05124737238 49739.778853706295 221578.92124737237 49604.6488537063 0.37644954900000016 0.5905102459999991 12.501159887
21 452680.8111671344 49739.778853706295 452545.6811671344 49604.6488537063 0.2787995890000001 0.4938282609999991 13.470828392
22 483997.2720663061 49739.778853706295 483862.1420663061 49604.6488537063 0.4803538410000012 0.5509319980000011 14.245805146
23 434173.94160874194 49739.778853706295 434038.81160874193 49604.6488537063 0.3466491949999977 0.5091497959999991 15.279555337
24 200260.09145159504 49739.778853706295 200124.96145159504 49604.6488537063 0.30232944700000175 0.6219558640000002 16.138737687
25 114292.19328058063 49739.778853706295 114157.06328058062 49604.6488537063 0.3949246159999973 0.5824606059999979 17.065376842
26 427688.48227551684 49739.778853706295 427553.35227551684 49604.6488537063 0.4041549050000022 0.78576786 18.045675299
27 765561.8337383543 49739.778853706295 765426.7037383543 49604.6488537063 0.3002008759999981 0.5562349349999991 19.238116677
28 188305.8999421935 49739.778853706295 188170.7699421935 49604.6488537063 0.30860565400000084 0.541398387000001 20.09689904
29 89826.87670063277 49739.778853706295 89691.74670063276 49604.6488537063 0.2861480699999994 0.6276115470000008 20.950228146
30 14188.959253694831 14188.959253694831 14053.829253694832 14053.829253694832 0.4127120150000003 0.5734847700000003 21.866652503
31 275316.25675820303 14188.959253694831 275181.126758203 14053.829253694832 0.3129136619999997 0.5518887580000005 22.855757129
32 760080.1926702582 14188.959253694831 759945.0626702582 14053.829253694832 0.3545312100000011 0.5378233640000012 23.72317153
33 89951.02258301087 14188.959253694831 89815.89258301086 14053.829253694832 0.7201837819999994 1.7173132329999987 24.653572676
34 193630.87544163648 14188.959253694831 193495.74544163648 14053.829253694832 0.7332788969999982 1.5044645360000004 27.093402663
35 203521.61146921478 14188.959253694831 203386.48146921478 14053.829253694832 0.38717292299999784 1.2374135909999993 29.333368712
36 104402.49692223364 14188.959253694831 104267.36692223363 14053.829253694832 0.30012696300000385 1.665274066000002 30.960619046
37 41417.6182739289 14188.959253694831 41282.4882739289 14053.829253694832 0.4007909689999991 0.5468612810000053 32.928777626
38 113742.11939502238 14188.959253694831 113606.98939502238 14053.829253694832 0.28307748499999974 0.5134124340000028 33.879283805
39 232430.3871417499 14188.959253694831 232295.2571417499 14053.829253694832 0.2692854019999942 0.49968777800000197 34.678077381
40 91147.860607665 14188.959253694831 91012.730607665 14053.829253694832 0.2786706420000016 0.49518537699999854 35.449352338
41 131669.3989232243 14188.959253694831 131534.2689232243 14053.829253694832 0.45090107899999765 0.7269634220000043 36.226405281
42 114772.91189940438 14188.959253694831 114637.78189940438 14053.829253694832 0.2731256889999969 0.4998556610000051 37.407602402
43 221014.13950709923 14188.959253694831 220879.00950709922 14053.829253694832 0.3874776830000002 0.5733113140000015 38.183213657
44 244681.0063127851 14188.959253694831 244545.87631278508 14053.829253694832 0.28977468699999775 0.5335380149999978 39.146420802
45 518861.5760178711 14188.959253694831 518726.4460178711 14053.829253694832 0.28295364299999903 0.5205911329999964 39.972518878
46 170282.3583716602 14188.959253694831 170147.2283716602 14053.829253694832 0.28167532299999465 0.520402679 40.778447279
47 116564.63956908844 14188.959253694831 116429.50956908843 14053.829253694832 0.6375015799999986 0.5810889159999988 41.583072406
48 131603.67872041158 14188.959253694831 131468.54872041158 14053.829253694832 0.28802587299999516 0.6246343509999974 42.804498462
49 456980.45100475 14188.959253694831 456845.32100475 14053.829253694832 0.2862071700000044 0.5243928140000023 43.719919415
50 68909.57693708448 14188.959253694831 68774.44693708447 14053.829253694832 0.41609740500000214 0.5812572130000007 44.533456283
51 278405.84670427674 14188.959253694831 278270.71670427674 14053.829253694832 0.28038166999999703 0.540553942999999 45.533300217
52 51901.94832045924 14188.959253694831 51766.81832045924 14053.829253694832 0.8614915960000005 0.5787212039999972 46.356659417
53 120331.0514531464 14188.959253694831 120195.9214531464 14053.829253694832 0.4702573680000057 1.9606304650000013 47.799398299
54 192076.2352669158 14188.959253694831 191941.1052669158 14053.829253694832 0.38993645400000077 0.5522246700000011 50.232679215
55 70491.58963138028 14188.959253694831 70356.45963138028 14053.829253694832 0.35901950200000243 0.5977639229999951 51.177304029
56 80206.11137618817 14188.959253694831 80070.98137618817 14053.829253694832 0.2665103359999961 0.5452047019999995 52.136560463
57 190217.98492606412 14188.959253694831 190082.85492606412 14053.829253694832 0.2743619869999989 0.4968352650000014 52.950570538
58 43186.39433919398 14188.959253694831 43051.264339193986 14053.829253694832 0.3787459119999994 0.570968569999998 53.724103169
59 325802.97790415573 14188.959253694831 325667.84790415573 14053.829253694832 0.29094641599999704 0.5139145480000025 54.676201962
60 152850.46006011008 14188.959253694831 152715.33006011008 14053.829253694832 0.28715154600000403 0.5456623659999948 55.483594397
61 275539.04435117217 14188.959253694831 275403.91435117216 14053.829253694832 0.2859592870000043 0.5412067440000001 56.319033627
62 346172.6828024184 14188.959253694831 346037.5528024184 14053.829253694832 0.3948690550000009 0.7947842419999986 57.148807006
63 126364.12847351137 14188.959253694831 126228.99847351137 14053.829253694832 0.607271426000004 0.6937587050000005 58.340929578
64 35301.66919873957 14188.959253694831 35166.53919873957 14053.829253694832 0.26534416599999133 6.006120943999996 59.64443385
65 23190.627544150422 14188.959253694831 23055.49754415042 14053.829253694832 0.37328986299999656 0.6450929150000064 65.918456461
66 126260.62774860438 14188.959253694831 126125.49774860438 14053.829253694832 0.28303604399999926 0.5190479550000049 66.9400039
67 532297.3585145328 14188.959253694831 532162.2285145328 14053.829253694832 0.4163966379999948 0.6316176309999975 67.744704722
68 119060.41602118203 14188.959253694831 118925.28602118202 14053.829253694832 0.3797184809999976 0.6383016700000042 68.795350713
69 52291.8715170282 14188.959253694831 52156.741517028204 14053.829253694832 0.2859327859999894 0.5151933709999952 69.816301378
70 382494.0966653967 14188.959253694831 382358.9666653967 14053.829253694832 0.537469919000003 0.6643326689999896 70.619730151
71 63304.86903745981 14188.959253694831 63169.73903745981 14053.829253694832 0.4168118480000089 1.2687890549999992 71.823957909
72 41508.483113387345 14188.959253694831 41373.35311338735 14053.829253694832 0.5011944079999893 1.762146603000005 73.511793087
73 121636.05522876976 14188.959253694831 121500.92522876976 14053.829253694832 0.5081686310000038 1.8845463470000112 75.777640914
74 110133.89740680093 14188.959253694831 109998.76740680092 14053.829253694832 0.7117299789999976 1.1432713629999967 78.172468008
75 192701.28769407494 14188.959253694831 192566.15769407494 14053.829253694832 0.25907153599999333 2.742033434999996 80.030171684
76 87507.02325525376 14188.959253694831 87371.89325525376 14053.829253694832 0.46766575200000204 0.6019705829999964 83.033784452
77 47627.773942783344 14188.959253694831 47492.64394278335 14053.829253694832 0.4244596449999989 0.7876751220000102 84.106307769
78 111484.48002311995 14188.959253694831 111349.35002311994 14053.829253694832 0.2917194000000052 0.5725773610000005 85.321895994
79 112346.04720246728 14188.959253694831 112210.91720246727 14053.829253694832 0.4328022490000052 0.6262732140000082 86.188977784
80 86812.72319954385 14188.959253694831 86677.59319954384 14053.829253694832 0.29691812599999423 0.7122479189999922 87.251830352
81 47613.01198575256 14188.959253694831 47477.88198575256 14053.829253694832 0.341366825999998 5.6468886420000075 88.264745391
82 64904.84904916864 14188.959253694831 64769.71904916864 14053.829253694832 0.27545014899999387 0.5932795460000051 94.255381569
83 146975.98668379037 14188.959253694831 146840.85668379036 14053.829253694832 0.28074745100001053 0.7273883189999992 95.127521951
84 37257.17323709229 14188.959253694831 37122.04323709229 14053.829253694832 0.2952960539999907 0.5541362559999925 96.138258452
85 159113.12042762685 14188.959253694831 158977.99042762685 14053.829253694832 0.39155877899999325 0.6191339180000028 96.990397685
86 39276.72155369201 14188.959253694831 39141.591553692015 14053.829253694832 0.36936072800000375 0.626198432999999 98.00353589
87 18815.3325359504 14188.959253694831 18680.2025359504 14053.829253694832 0.3357487140000046 0.8172011470000058 99.001879396
88 248643.47895331102 14188.959253694831 248508.348953311 14053.829253694832 0.42346628100000316 0.7724136580000049 100.157360491
89 37503.9435998728 14188.959253694831 37368.8135998728 14053.829253694832 0.45981210100001135 0.741294068000002 101.356312629
90 155029.24674701135 14188.959253694831 154894.11674701134 14053.829253694832 0.29771823000000097 0.62583591100001 102.560406755
91 67956.87910107269 14188.959253694831 67821.74910107268 14053.829253694832 0.3935229869999972 0.8433689179999959 103.486590993
92 19783.453308651708 14188.959253694831 19648.323308651707 14053.829253694832 0.42172883800000704 0.790918676000004 104.725933046
93 58592.28696069715 14188.959253694831 58457.15696069715 14053.829253694832 0.4304552629999989 0.7447265590000001 105.941385353
94 206921.64617836522 14188.959253694831 206786.51617836521 14053.829253694832 0.5418562440000017 0.6665282429999877 107.119083402
95 89175.85347675574 14188.959253694831 89040.72347675574 14053.829253694832 0.25937747199999706 3.1342850669999933 108.330699942
96 31921.897863524675 14188.959253694831 31786.767863524674 14053.829253694832 0.3846361680000001 0.6063169880000032 111.72692979
97 52547.35403724281 14188.959253694831 52412.22403724281 14053.829253694832 0.29513014099998713 0.5665385149999906 112.720228038
98 43345.081735623906 14188.959253694831 43209.95173562391 14053.829253694832 0.3934345140000062 0.8041118149999988 113.584711361
99 35387.3167058256 14188.959253694831 35252.1867058256 14053.829253694832 0.5383207380000101 1.0154763569999972 114.7847051
100 146982.47571509058 14188.959253694831 146847.34571509057 14053.829253694832 0.2903423599999968 1.3552603610000062 116.341583216
101 239598.04083711604 14188.959253694831 239462.91083711604 14053.829253694832 0.5890194029999947 1.7598702860000088 117.989956988
102 75181.48064794196 14188.959253694831 75046.35064794196 14053.829253694832 0.29054427900000235 0.5819567749999948 120.340984402
103 61830.90763044663 14188.959253694831 61695.77763044663 14053.829253694832 0.2818120049999919 0.626321089000001 121.215922403
104 99544.23749115459 14188.959253694831 99409.10749115459 14053.829253694832 0.38218673400000114 0.7129715610000034 122.126381548
105 119581.74073207077 14188.959253694831 119446.61073207077 14053.829253694832 0.28552059499999416 0.6198034779999944 123.224011908
106 414631.64951714827 14188.959253694831 414496.51951714826 14053.829253694832 0.4012307429999993 1.281512277999994 124.131979981
107 58159.1485807221 14188.959253694831 58024.018580722106 14053.829253694832 0.9003353920000023 0.7395202659999995 125.817522029
108 22445.707033428756 14188.959253694831 22310.577033428755 14053.829253694832 0.4050362840000048 0.6451456809999883 127.460228279
109 18486.947979098128 14188.959253694831 18351.817979098127 14053.829253694832 0.27332911400000626 0.5884612239999854 128.513602415
110 51088.388317601566 14188.959253694831 50953.25831760157 14053.829253694832 0.303199941999992 0.5938201339999978 129.377781482
111 12453.26096719289 12453.26096719289 12318.13096719289 12318.13096719289 0.4048589370000002 0.6350116349999837 130.277687168
112 116609.40391419957 12453.26096719289 116474.27391419957 12318.13096719289 0.5710807279999983 0.9921236960000215 131.321296197
113 177889.14051084168 12453.26096719289 177754.01051084168 12318.13096719289 0.5021353600000111 0.7182608740000092 132.888102159
114 45121.07508210182 12453.26096719289 44985.945082101825 12318.13096719289 0.4320640549999837 0.785326839000021 134.146597371
115 54564.76393194397 12453.26096719289 54429.63393194397 12318.13096719289 0.4048883250000017 0.8385986069999944 135.366885715
116 282568.1112987596 12453.26096719289 282432.9812987596 12318.13096719289 0.3706706540000084 0.6627056290000155 136.612953356
117 17344.414094285046 12453.26096719289 17209.284094285045 12318.13096719289 0.29288868300000104 0.6815889579999919 137.648849804
118 24520.728181678573 12453.26096719289 24385.59818167857 12318.13096719289 0.38288808999999446 0.8347421420000103 138.626095006
119 57388.087310824536 12453.26096719289 57252.95731082454 12318.13096719289 0.2913060209999969 0.8790765039999826 139.846037563
120 32540.198420531306 12453.26096719289 32405.068420531305 12318.13096719289 0.315603383999985 0.6479149540000151 141.019222783
121 122400.99291956278 12453.26096719289 122265.86291956277 12318.13096719289 0.5899725219999823 1.273368677999997 141.985627436
122 275373.0909092493 12453.26096719289 275237.9609092493 12318.13096719289 0.7420896890000108 2.023623698000023 143.854465995
123 41669.292940721134 12453.26096719289 41534.16294072114 12318.13096719289 0.5919370809999975 1.1524124409999956 146.623303537
124 95579.0801504485 12453.26096719289 95443.9501504485 12318.13096719289 0.45922448299998564 0.7609995220000201 148.371335123
125 47067.51087591345 12453.26096719289 46932.380875913455 12318.13096719289 0.45742274799999905 0.829604919000019 149.59712944
126 169649.51398359172 12453.26096719289 169514.38398359172 12318.13096719289 0.3119574899999975 0.8307337509999968 150.886752963
127 86106.28981212954 12453.26096719289 85971.15981212954 12318.13096719289 0.461489217999997 1.0903179850000129 152.031988136
128 57607.69842951361 12453.26096719289 57472.568429513616 12318.13096719289 0.4385756169999979 0.9828259390000085 153.58679581
129 46540.601848933125 12453.26096719289 46405.47184893313 12318.13096719289 0.3331832279999958 1.1389811809999912 155.011209003
130 156780.28367594816 12453.26096719289 156645.15367594815 12318.13096719289 0.6092548899999883 1.258760360000025 156.486474571
131 188860.433841576 12453.26096719289 188725.303841576 12318.13096719289 0.4429413489999945 1.0076161069999898 158.357676122
132 47110.80849913452 12453.26096719289 46975.67849913452 12318.13096719289 0.4142761630000109 0.8733630440000013 159.811974201
133 39040.698737980376 12453.26096719289 38905.56873798038 12318.13096719289 0.4941196139999988 1.389768747000005 161.102224522
134 150335.66997429443 12453.26096719289 150200.53997429443 12318.13096719289 0.3537110030000008 0.8851790999999878 162.989459456
135 195392.29674627385 12453.26096719289 195257.16674627384 12318.13096719289 0.30836618899999735 0.7721834419999993 164.231872991
136 36061.18598493764 12453.26096719289 35926.055984937644 12318.13096719289 0.31073986700002365 0.7326009100000022 165.315273481
137 73687.15031628468 12453.26096719289 73552.02031628467 12318.13096719289 0.2970679700000005 0.7366504869999915 166.361191874
138 203121.10827067122 12453.26096719289 202985.9782706712 12318.13096719289 0.4078964340000084 0.9587223569999992 167.400895082
139 42936.42510456055 12453.26096719289 42801.29510456055 12318.13096719289 0.3901563459999977 0.723000307999996 168.770146672
140 188978.38280891866 12453.26096719289 188843.25280891865 12318.13096719289 0.2975781330000018 0.8659471610000082 169.886409257
141 121303.07992935153 12453.26096719289 121167.94992935153 12318.13096719289 0.5407578739999792 1.0125568679999901 171.052966659
142 87962.04688616458 12453.26096719289 87826.91688616457 12318.13096719289 0.3046064640000168 1.9475370490000046 172.609462503
143 45217.35223764951 12453.26096719289 45082.22223764951 12318.13096719289 0.298367896000002 0.6780587620000063 174.864533674
144 50188.58875545004 12453.26096719289 50053.45875545004 12318.13096719289 0.37150030099999753 1.159604196999993 175.843424392
145 59431.192332373255 12453.26096719289 59296.06233237326 12318.13096719289 0.5982846549999863 1.7653298310000025 177.377282548
146 62363.944838268944 12453.26096719289 62228.81483826895 12318.13096719289 0.7431873729999836 1.8939079730000117 179.743213739
147 11895.624545491322 11895.624545491322 11760.494545491323 11760.494545491323 0.4232354140000041 0.9864086400000076 182.383449686
148 35482.6378790972 11895.624545491322 35347.507879097204 11760.494545491323 0.4168455839999865 0.9547246300000154 183.795624044
149 87074.63489138831 11895.624545491322 86939.50489138831 11760.494545491323 0.7222973439999976 0.9620283210000196 185.169718094
150 173159.00961787166 11895.624545491322 173023.87961787166 11760.494545491323 0.4535166860000004 1.8234754910000106 186.856493768
