"function evaluation" "current f(x)" "best-so-far f(x)" "current af(x)+b" "best af(x)+b" acq_opt_time model_fit_time cum_iteration_time
1 1385.9999881994404 1385.9999881994404 385.9999881994404 385.9999881994404 None None None
2 25085.539179621115 1385.9999881994404 24085.539179621115 385.9999881994404 None None None
3 658.5366857321632 658.5366857321632 -341.46331426783684 -341.46331426783684 0.021094456999999345 0.022868844000000443 0
4 624.6628280464736 624.6628280464736 -375.3371719535264 -375.3371719535264 0.051673016000000516 0.11593149900000022 4.856545332
5 658.5366857321632 624.6628280464736 -341.46331426783684 -375.3371719535264 0.03264101099999994 0.07196429299999973 5.025537889
6 658.5366857321632 624.6628280464736 -341.46331426783684 -375.3371719535264 0.03838496799999991 0.07732742700000017 5.131574272
7 624.6628280464736 624.6628280464736 -375.3371719535264 -375.3371719535264 0.03564689099999985 0.12337593999999985 5.248684603
8 624.6628280464736 624.6628280464736 -375.3371719535264 -375.3371719535264 0.04405455800000002 0.10943002300000071 5.409218446
9 624.6628280464736 624.6628280464736 -375.3371719535264 -375.3371719535264 0.03688733600000038 0.12833579399999984 5.564368654
10 624.6628280464736 624.6628280464736 -375.3371719535264 -375.3371719535264 0.0305426820000001 0.08263567099999936 5.731120434
11 528.4464169190463 528.4464169190463 -471.5535830809537 -471.5535830809537 0.03870096499999942 0.0810692340000001 5.845880658
12 528.4464169190463 528.4464169190463 -471.5535830809537 -471.5535830809537 0.03425603700000046 0.08084820100000023 5.967459532
13 528.4464169190463 528.4464169190463 -471.5535830809537 -471.5535830809537 0.03489421699999973 0.08476962200000049 6.084096183
14 528.4464169190463 528.4464169190463 -471.5535830809537 -471.5535830809537 0.08522871099999918 0.08496387100000025 6.205609477
15 559.6176936399152 528.4464169190463 -440.38230636008484 -471.5535830809537 0.03868329799999959 0.0917094159999996 6.37766948
16 559.6176936399152 528.4464169190463 -440.38230636008484 -471.5535830809537 0.03444192799999968 0.09115137199999968 6.509777282
17 559.6176936399152 528.4464169190463 -440.38230636008484 -471.5535830809537 0.03620343199999976 0.08756913300000058 6.636970486
18 559.6176936399152 528.4464169190463 -440.38230636008484 -471.5535830809537 0.03719901099999934 0.09438723899999957 6.762292347
19 559.6176936399152 528.4464169190463 -440.38230636008484 -471.5535830809537 0.036806275 0.10830384900000034 6.895610389
20 528.4464169190463 528.4464169190463 -471.5535830809537 -471.5535830809537 0.03671880000000005 0.09374212999999987 7.042445522
21 559.6176936399152 528.4464169190463 -440.38230636008484 -471.5535830809537 0.03672411600000025 0.09476053299999965 7.174728349
22 559.6176936399152 528.4464169190463 -440.38230636008484 -471.5535830809537 0.036470855000000135 0.09400375800000038 7.308089428
23 559.6176936399152 528.4464169190463 -440.38230636008484 -471.5535830809537 0.03644604600000001 0.09555938700000066 7.440274384
24 559.6176936399152 528.4464169190463 -440.38230636008484 -471.5535830809537 0.04005798699999996 0.09630128700000018 7.574173421
25 528.4464169190463 528.4464169190463 -471.5535830809537 -471.5535830809537 0.04214637000000021 0.10733064599999942 7.71247213
26 559.6176936399152 528.4464169190463 -440.38230636008484 -471.5535830809537 0.057309882999999395 0.11570466600000007 7.863991044
27 559.6176936399152 528.4464169190463 -440.38230636008484 -471.5535830809537 0.05622469000000052 0.14599138800000055 8.039989554
28 528.4464169190463 528.4464169190463 -471.5535830809537 -471.5535830809537 0.03813294100000064 0.10771808299999996 8.244730179
29 559.6176936399152 528.4464169190463 -440.38230636008484 -471.5535830809537 0.04134472099999975 0.10006723099999881 8.392805518
30 528.4464169190463 528.4464169190463 -471.5535830809537 -471.5535830809537 0.042954964999999845 0.10826374300000019 8.53606001
31 528.4464169190463 528.4464169190463 -471.5535830809537 -471.5535830809537 0.04240916399999861 0.10487184900000024 8.689277688
32 559.6176936399152 528.4464169190463 -440.38230636008484 -471.5535830809537 0.04064353399999909 0.1053208760000004 8.838739377
33 528.4464169190463 528.4464169190463 -471.5535830809537 -471.5535830809537 0.040592708000000144 0.1060479549999993 8.986584536
34 528.4464169190463 528.4464169190463 -471.5535830809537 -471.5535830809537 0.040707773999999475 0.10654557199999992 9.135178386
35 559.6176936399152 528.4464169190463 -440.38230636008484 -471.5535830809537 0.04772882899999864 0.11507478899999946 9.284463539
36 559.6176936399152 528.4464169190463 -440.38230636008484 -471.5535830809537 0.04065921099999947 0.10788881400000072 9.449311583
37 559.6176936399152 528.4464169190463 -440.38230636008484 -471.5535830809537 0.041195774000000185 0.106823051000001 9.599939608
38 559.6176936399152 528.4464169190463 -440.38230636008484 -471.5535830809537 0.04245079399999874 0.10635360899999924 9.750024201
39 559.6176936399152 528.4464169190463 -440.38230636008484 -471.5535830809537 0.041056592000000336 0.10685128499999941 9.900892281
40 559.6176936399152 528.4464169190463 -440.38230636008484 -471.5535830809537 0.06313386299999912 0.16074472299999876 10.050633788
41 559.6176936399152 528.4464169190463 -440.38230636008484 -471.5535830809537 0.06212877900000002 0.16396309900000006 10.277795084
42 559.6176936399152 528.4464169190463 -440.38230636008484 -471.5535830809537 0.060594543000000556 0.16534246600000024 10.506711088
43 559.6176936399152 528.4464169190463 -440.38230636008484 -471.5535830809537 0.060916018999998656 0.16178788600000082 10.73523046
44 559.6176936399152 528.4464169190463 -440.38230636008484 -471.5535830809537 0.058393799999999274 0.15845370300000106 10.960428315
45 559.6176936399152 528.4464169190463 -440.38230636008484 -471.5535830809537 0.059496766000000534 0.15557984899999866 11.179738472
46 528.4464169190463 528.4464169190463 -471.5535830809537 -471.5535830809537 0.058221216999999825 0.15605579800000058 11.397485297
47 528.4464169190463 528.4464169190463 -471.5535830809537 -471.5535830809537 0.058419239999999206 0.15611673899999978 11.614239529
48 559.6176936399152 528.4464169190463 -440.38230636008484 -471.5535830809537 0.05845714099999988 0.15628098500000043 11.831184135
49 559.6176936399152 528.4464169190463 -440.38230636008484 -471.5535830809537 0.05779020700000004 0.15813329899999928 12.048818787
50 559.6176936399152 528.4464169190463 -440.38230636008484 -471.5535830809537 0.043404773000000674 0.11163768699999999 12.267225855
51 528.4464169190463 528.4464169190463 -471.5535830809537 -471.5535830809537 0.04060434099999988 0.11388426399999929 12.424388634
52 559.6176936399152 528.4464169190463 -440.38230636008484 -471.5535830809537 0.04295615000000019 0.11124506099999998 12.580829578
53 559.6176936399152 528.4464169190463 -440.38230636008484 -471.5535830809537 0.06371950700000006 0.14312318400000024 12.73701637
54 559.6176936399152 528.4464169190463 -440.38230636008484 -471.5535830809537 0.046881535000000696 0.13452869300000003 12.94699768
55 528.4464169190463 528.4464169190463 -471.5535830809537 -471.5535830809537 0.047924682999999746 0.12230664400000002 13.130655021
56 559.6176936399152 528.4464169190463 -440.38230636008484 -471.5535830809537 0.04313215300000017 0.12067842899999981 13.303053915
57 559.6176936399152 528.4464169190463 -440.38230636008484 -471.5535830809537 0.04422335699999991 0.12807930800000022 13.469151293
58 528.4464169190463 528.4464169190463 -471.5535830809537 -471.5535830809537 0.10037944499999973 0.16656936699999925 13.643834559
59 528.4464169190463 528.4464169190463 -471.5535830809537 -471.5535830809537 0.13905086900000008 0.28879998200000045 13.913269561
60 559.6176936399152 528.4464169190463 -440.38230636008484 -471.5535830809537 0.0824961420000001 0.3920348400000009 14.343814185
61 528.4464169190463 528.4464169190463 -471.5535830809537 -471.5535830809537 0.11027039999999921 0.5455600960000009 14.823308411
62 559.6176936399152 528.4464169190463 -440.38230636008484 -471.5535830809537 0.08116680799999898 0.235100494000001 15.481505932
63 528.4464169190463 528.4464169190463 -471.5535830809537 -471.5535830809537 0.08230231499999974 0.24722103199999879 15.799950427
64 528.4464169190463 528.4464169190463 -471.5535830809537 -471.5535830809537 0.088877391999997 0.24831254300000083 16.131815163
65 528.4464169190463 528.4464169190463 -471.5535830809537 -471.5535830809537 0.08333302800000197 0.2505814579999992 16.47113782
66 559.6176936399152 528.4464169190463 -440.38230636008484 -471.5535830809537 0.08432609699999816 0.25153788100000085 16.807110035
67 528.4464169190463 528.4464169190463 -471.5535830809537 -471.5535830809537 0.08410115200000234 0.25578347200000096 17.145781192
68 559.6176936399152 528.4464169190463 -440.38230636008484 -471.5535830809537 0.0839939059999999 0.25757899200000267 17.48796377
69 528.4464169190463 528.4464169190463 -471.5535830809537 -471.5535830809537 0.09028969300000256 0.33595396599999816 17.831664517
70 559.6176936399152 528.4464169190463 -440.38230636008484 -471.5535830809537 0.10650691600000073 0.26523350200000095 18.260176914
