"function evaluation" "current f(x)" "best-so-far f(x)" "current af(x)+b" "best af(x)+b" acq_opt_time model_fit_time cum_iteration_time
1 215.06546650345481 215.06546650345481 122.41546650345481 122.41546650345481 None None None
2 129.50700985735776 129.50700985735776 36.85700985735775 36.85700985735775 None None None
3 193.316094493185 129.50700985735776 100.666094493185 36.85700985735775 None None None
4 148.28666915198414 129.50700985735776 55.63666915198414 36.85700985735775 None None None
5 215.75459798401874 129.50700985735776 123.10459798401874 36.85700985735775 None None None
6 190.37269698856807 129.50700985735776 97.72269698856806 36.85700985735775 None None None
7 134.42134272524663 129.50700985735776 41.771342725246626 36.85700985735775 None None None
8 153.37381225364624 129.50700985735776 60.72381225364623 36.85700985735775 None None None
9 97.83068897091121 97.83068897091121 5.180688970911206 5.180688970911206 None None None
10 209.61288905198865 97.83068897091121 116.96288905198864 5.180688970911206 None None None
11 86.55634277028963 86.55634277028963 -6.093657229710374 -6.093657229710374 0.205074969 0.16673617699999976 0
12 75.24340947899644 75.24340947899644 -17.406590521003565 -17.406590521003565 0.2295156930000002 0.21604265200000006 3.73902369
13 139.92077284100716 75.24340947899644 47.27077284100716 -17.406590521003565 0.1758726020000001 0.279442349 4.185649234
14 93.02571117711815 75.24340947899644 0.3757111771181485 -17.406590521003565 0.18394106799999932 0.22605705100000062 4.642127299
15 138.7696729806405 75.24340947899644 46.1196729806405 -17.406590521003565 0.20260908400000055 0.24791671100000023 5.05333553
16 49.89794720252242 49.89794720252242 -42.75205279747759 -42.75205279747759 0.19929205199999966 0.2565217459999998 5.505081641
17 314.44680320000003 49.89794720252242 221.79680320000003 -42.75205279747759 0.28331908199999933 0.2967643749999995 5.962174935
18 314.44680320000003 49.89794720252242 221.79680320000003 -42.75205279747759 0.33417752200000006 0.263997539 6.5436803
19 314.44680320000003 49.89794720252242 221.79680320000003 -42.75205279747759 0.3769222049999996 0.5703585429999993 7.143268457
20 314.44680320000003 49.89794720252242 221.79680320000003 -42.75205279747759 0.21036695499999958 0.35774971599999894 8.092222334
21 314.44680320000003 49.89794720252242 221.79680320000003 -42.75205279747759 0.20773396600000105 0.27217449699999996 8.661838115
22 314.44680320000003 49.89794720252242 221.79680320000003 -42.75205279747759 0.20776073499999903 0.2644006670000003 9.143023008
23 314.44680320000003 49.89794720252242 221.79680320000003 -42.75205279747759 0.2064403979999998 0.2689027629999998 9.616436615
24 314.44680320000003 49.89794720252242 221.79680320000003 -42.75205279747759 0.3082794319999991 0.29826424600000045 10.093178865
25 314.44680320000003 49.89794720252242 221.79680320000003 -42.75205279747759 0.30629629899999955 0.28908248699999994 10.701168885
26 314.44680320000003 49.89794720252242 221.79680320000003 -42.75205279747759 0.20225458200000013 0.26093832799999994 11.297897248
27 314.44680320000003 49.89794720252242 221.79680320000003 -42.75205279747759 0.20460909700000052 0.2624478789999998 11.762368846
28 314.44680320000003 49.89794720252242 221.79680320000003 -42.75205279747759 0.29366415899999865 0.30096706500000003 12.230690259
29 314.44680320000003 49.89794720252242 221.79680320000003 -42.75205279747759 0.20813849900000037 0.26113664699999894 12.826736222
30 314.44680320000003 49.89794720252242 221.79680320000003 -42.75205279747759 0.3076224370000009 0.30578864199999956 13.297349851
31 314.44680320000003 49.89794720252242 221.79680320000003 -42.75205279747759 0.310245569000001 0.309521599 13.912346511
32 314.44680320000003 49.89794720252242 221.79680320000003 -42.75205279747759 0.3730091669999993 0.3681129719999987 14.533440276
33 314.44680320000003 49.89794720252242 221.79680320000003 -42.75205279747759 0.21368536099999957 0.2831685789999998 15.275915137
34 314.44680320000003 49.89794720252242 221.79680320000003 -42.75205279747759 0.21383871700000157 0.3577265849999982 15.774306427
35 314.44680320000003 49.89794720252242 221.79680320000003 -42.75205279747759 0.209638953999999 0.2676123990000008 16.347513137
36 314.44680320000003 49.89794720252242 221.79680320000003 -42.75205279747759 0.21189563800000144 0.2763903199999973 16.82602764
37 314.44680320000003 49.89794720252242 221.79680320000003 -42.75205279747759 0.20479374399999983 0.26915931699999973 17.315784334
38 314.44680320000003 49.89794720252242 221.79680320000003 -42.75205279747759 0.29721878199999807 0.29590111699999966 17.791153019
39 314.44680320000003 49.89794720252242 221.79680320000003 -42.75205279747759 0.4237765119999999 0.4029799230000002 18.385784148
40 314.44680320000003 49.89794720252242 221.79680320000003 -42.75205279747759 0.38720333600000245 0.5937773069999999 19.213838243
41 314.44680320000003 49.89794720252242 221.79680320000003 -42.75205279747759 0.3112198489999969 0.5400574139999996 20.196627708
42 314.44680320000003 49.89794720252242 221.79680320000003 -42.75205279747759 0.31079288899999824 1.0179884389999998 21.04966629
43 314.44680320000003 49.89794720252242 221.79680320000003 -42.75205279747759 0.20791423899999728 0.2698089409999973 22.380031785
44 314.44680320000003 49.89794720252242 221.79680320000003 -42.75205279747759 0.20459229800000145 0.27456946399999893 22.859078979
45 314.44680320000003 49.89794720252242 221.79680320000003 -42.75205279747759 0.299439017000001 0.3000953490000029 23.339519609
46 314.44680320000003 49.89794720252242 221.79680320000003 -42.75205279747759 0.2992430509999977 0.2994124730000003 23.940471805
47 314.44680320000003 49.89794720252242 221.79680320000003 -42.75205279747759 0.23469335300000083 0.285532970000002 24.540502379
48 314.44680320000003 49.89794720252242 221.79680320000003 -42.75205279747759 0.31664114199999815 0.6502366290000019 25.06218255
49 314.44680320000003 49.89794720252242 221.79680320000003 -42.75205279747759 0.444852050999998 0.36695721499999934 26.030467132
50 314.44680320000003 49.89794720252242 221.79680320000003 -42.75205279747759 0.433820524999998 1.1391814270000005 26.843579365
51 314.44680320000003 49.89794720252242 221.79680320000003 -42.75205279747759 0.3166986910000027 0.6457820320000032 28.417705649
52 314.44680320000003 49.89794720252242 221.79680320000003 -42.75205279747759 0.45998692399999896 0.978602733999999 29.381583483
53 314.44680320000003 49.89794720252242 221.79680320000003 -42.75205279747759 0.5108286160000013 0.6718497879999994 30.821640258
54 314.44680320000003 49.89794720252242 221.79680320000003 -42.75205279747759 0.20976759199999861 0.32207415599999933 32.005567484
55 314.44680320000003 49.89794720252242 221.79680320000003 -42.75205279747759 0.30440240400000107 0.30875194500000447 32.538758816
56 314.44680320000003 49.89794720252242 221.79680320000003 -42.75205279747759 0.23732837800000084 0.27332010800000006 33.153249288
57 314.44680320000003 49.89794720252242 221.79680320000003 -42.75205279747759 0.2206264719999993 0.5320994450000001 33.665413894
58 314.44680320000003 49.89794720252242 221.79680320000003 -42.75205279747759 0.21383078700000624 0.28668562200000025 34.41970663
59 314.44680320000003 49.89794720252242 221.79680320000003 -42.75205279747759 0.2062641520000028 0.2802656300000024 34.921745977
60 314.44680320000003 49.89794720252242 221.79680320000003 -42.75205279747759 0.3178333379999998 0.29182315999999986 35.409590769
61 314.44680320000003 49.89794720252242 221.79680320000003 -42.75205279747759 0.21706582200000213 0.2838444380000027 36.020700278
62 314.44680320000003 49.89794720252242 221.79680320000003 -42.75205279747759 0.21960700900000063 0.28513456400000337 36.523031889
63 314.44680320000003 49.89794720252242 221.79680320000003 -42.75205279747759 0.21876815699999952 0.29823034799999704 37.029090565
64 314.44680320000003 49.89794720252242 221.79680320000003 -42.75205279747759 0.2554502690000007 0.44053845599999875 37.547444033
65 314.44680320000003 49.89794720252242 221.79680320000003 -42.75205279747759 0.21346477700000577 0.3236742929999963 38.244936145
66 314.44680320000003 49.89794720252242 221.79680320000003 -42.75205279747759 0.2133678790000033 0.2797955189999968 38.783464874
67 314.44680320000003 49.89794720252242 221.79680320000003 -42.75205279747759 0.2213112379999984 0.2807640039999981 39.278001456
68 314.44680320000003 49.89794720252242 221.79680320000003 -42.75205279747759 0.22205456599999707 0.2815886309999982 39.781391451
69 289.1677127085807 49.89794720252242 196.51771270858072 -42.75205279747759 0.2267190220000046 0.29812123900000387 40.2865517
70 314.44680320000003 49.89794720252242 221.79680320000003 -42.75205279747759 0.31778074000000345 0.3291426180000059 40.812918595
71 314.44680320000003 49.89794720252242 221.79680320000003 -42.75205279747759 0.3118519509999942 0.43888834999999915 41.461202285
72 314.44680320000003 49.89794720252242 221.79680320000003 -42.75205279747759 0.23421553200000034 0.3110639949999978 42.213366259
73 314.44680320000003 49.89794720252242 221.79680320000003 -42.75205279747759 0.2283227959999934 0.29621314799999965 42.760112368
74 314.44680320000003 49.89794720252242 221.79680320000003 -42.75205279747759 0.22345275900000416 0.28881621900000454 43.286037288
75 314.44680320000003 49.89794720252242 221.79680320000003 -42.75205279747759 0.2833313040000007 0.32528169500000104 43.79963237
76 314.44680320000003 49.89794720252242 221.79680320000003 -42.75205279747759 0.22319551700000062 0.28475405700000067 44.409960982
77 314.44680320000003 49.89794720252242 221.79680320000003 -42.75205279747759 0.3834236089999976 0.32105722000000014 44.919243577
78 314.44680320000003 49.89794720252242 221.79680320000003 -42.75205279747759 0.22637636299999997 0.4034407140000056 45.628506855
79 314.44680320000003 49.89794720252242 221.79680320000003 -42.75205279747759 0.2364734160000026 0.30809813599999814 46.259710133
80 314.44680320000003 49.89794720252242 221.79680320000003 -42.75205279747759 0.23376113799999843 0.3142226400000041 46.805839881
81 314.44680320000003 49.89794720252242 221.79680320000003 -42.75205279747759 0.3363849690000009 0.34368619199999983 47.355478101
82 314.44680320000003 49.89794720252242 221.79680320000003 -42.75205279747759 0.3292444909999972 0.33529794500000065 48.036872596
83 314.44680320000003 49.89794720252242 221.79680320000003 -42.75205279747759 0.4072833269999947 0.34832142200000504 48.703288588
84 314.44680320000003 49.89794720252242 221.79680320000003 -42.75205279747759 0.44244919400000526 0.7393046489999975 49.460534742
85 314.44680320000003 49.89794720252242 221.79680320000003 -42.75205279747759 0.4506571889999975 1.057591496999997 50.643859692
86 314.44680320000003 49.89794720252242 221.79680320000003 -42.75205279747759 0.32274045599999823 0.34270203399999843 52.153663685
87 314.44680320000003 49.89794720252242 221.79680320000003 -42.75205279747759 0.422612909999998 0.3041056409999996 52.820546142
88 314.44680320000003 49.89794720252242 221.79680320000003 -42.75205279747759 0.3969479499999977 0.6043386739999974 53.548416592
89 314.44680320000003 49.89794720252242 221.79680320000003 -42.75205279747759 0.3951727279999986 0.680039757000003 54.550911658
90 314.44680320000003 49.89794720252242 221.79680320000003 -42.75205279747759 0.48787655299999955 1.0658658540000019 55.627255116
91 314.44680320000003 49.89794720252242 221.79680320000003 -42.75205279747759 0.2271679779999971 0.35103948799999785 57.185847642
92 314.44680320000003 49.89794720252242 221.79680320000003 -42.75205279747759 0.2327344139999994 0.3010111559999942 57.765492766
93 314.44680320000003 49.89794720252242 221.79680320000003 -42.75205279747759 0.29762775700000077 0.31255332599999974 58.300756933
94 314.44680320000003 49.89794720252242 221.79680320000003 -42.75205279747759 0.23468582399999605 0.3122345180000039 58.912457095
95 314.44680320000003 49.89794720252242 221.79680320000003 -42.75205279747759 0.34294502999999565 0.35469917200000367 59.460853454
96 314.44680320000003 49.89794720252242 221.79680320000003 -42.75205279747759 0.23432340399999418 0.311934401000002 60.159882986
97 314.44680320000003 49.89794720252242 221.79680320000003 -42.75205279747759 0.4776691650000018 0.6865865709999994 60.707777631
98 314.44680320000003 49.89794720252242 221.79680320000003 -42.75205279747759 0.7149515930000021 0.6364811099999983 61.873926817
99 314.44680320000003 49.89794720252242 221.79680320000003 -42.75205279747759 0.47809525600000313 0.836517213999997 63.226852312
100 314.44680320000003 49.89794720252242 221.79680320000003 -42.75205279747759 0.47576603100000625 1.0795457159999984 64.543578791
101 314.44680320000003 49.89794720252242 221.79680320000003 -42.75205279747759 0.6950468739999991 0.6681203119999992 66.100445919
102 314.44680320000003 49.89794720252242 221.79680320000003 -42.75205279747759 0.764148953000003 0.7734662120000024 67.465145439
103 314.44680320000003 49.89794720252242 221.79680320000003 -42.75205279747759 0.7111912199999892 0.6898189730000013 69.004527274
104 314.44680320000003 49.89794720252242 221.79680320000003 -42.75205279747759 0.7124784270000077 0.6974864830000058 70.407097217
105 314.44680320000003 49.89794720252242 221.79680320000003 -42.75205279747759 0.74499280900001 0.7159129319999948 71.818504494
106 314.44680320000003 49.89794720252242 221.79680320000003 -42.75205279747759 0.3935069850000019 1.0731712199999919 73.280796115
107 314.44680320000003 49.89794720252242 221.79680320000003 -42.75205279747759 0.2693039930000083 0.3388964520000002 74.749156565
108 314.44680320000003 49.89794720252242 221.79680320000003 -42.75205279747759 0.39797614200000453 0.3775294969999976 75.359080674
109 314.44680320000003 49.89794720252242 221.79680320000003 -42.75205279747759 0.2575410110000007 0.3831475289999986 76.136067147
110 314.44680320000003 49.89794720252242 221.79680320000003 -42.75205279747759 0.26044963600000415 0.33206938200000025 76.778314989
111 314.44680320000003 49.89794720252242 221.79680320000003 -42.75205279747759 0.3064933670000016 0.33715187200000685 77.372225828
112 314.44680320000003 49.89794720252242 221.79680320000003 -42.75205279747759 0.2635829200000046 0.3348012820000008 78.017366014
113 314.44680320000003 49.89794720252242 221.79680320000003 -42.75205279747759 0.4220382630000046 0.3545666979999993 78.61711967
114 314.44680320000003 49.89794720252242 221.79680320000003 -42.75205279747759 0.38762444500000015 0.3746863190000056 79.395261499
115 314.44680320000003 49.89794720252242 221.79680320000003 -42.75205279747759 0.2590694939999878 0.3500090950000043 80.159116215
116 314.44680320000003 49.89794720252242 221.79680320000003 -42.75205279747759 0.26997524300000464 0.3233077080000015 80.769713369
117 314.44680320000003 49.89794720252242 221.79680320000003 -42.75205279747759 0.415629672999998 0.3765794699999958 81.364558984
118 314.44680320000003 49.89794720252242 221.79680320000003 -42.75205279747759 0.38767477000000383 0.36662995099999307 82.158195663
119 314.44680320000003 49.89794720252242 221.79680320000003 -42.75205279747759 0.2882021740000056 0.32666401599999517 82.914011855
120 314.44680320000003 49.89794720252242 221.79680320000003 -42.75205279747759 0.3357722620000061 0.4217286199999961 83.53048828
121 314.44680320000003 49.89794720252242 221.79680320000003 -42.75205279747759 0.4689343089999909 0.39576632499999675 84.289487163
122 314.44680320000003 49.89794720252242 221.79680320000003 -42.75205279747759 0.27814869899999906 0.33540222899999605 85.155767493
123 314.44680320000003 49.89794720252242 221.79680320000003 -42.75205279747759 0.25090008899999816 2.170661329000012 85.770890525
124 314.44680320000003 49.89794720252242 221.79680320000003 -42.75205279747759 0.24527847099999178 0.33119302100000425 88.193790643
125 314.44680320000003 49.89794720252242 221.79680320000003 -42.75205279747759 0.25514395900000864 0.33713908400000037 88.7715902
126 314.44680320000003 49.89794720252242 221.79680320000003 -42.75205279747759 0.2594380510000036 0.3279868939999915 89.365288681
127 314.44680320000003 49.89794720252242 221.79680320000003 -42.75205279747759 0.7876875439999935 0.6830260640000034 89.954227639
128 314.44680320000003 49.89794720252242 221.79680320000003 -42.75205279747759 0.7832932919999962 0.8318272460000031 91.4266543
129 314.44680320000003 49.89794720252242 221.79680320000003 -42.75205279747759 0.5231016950000082 0.7599649910000039 93.043433821
130 314.44680320000003 49.89794720252242 221.79680320000003 -42.75205279747759 0.7619524220000073 0.7648934139999994 94.328149833
131 314.44680320000003 49.89794720252242 221.79680320000003 -42.75205279747759 0.7961787320000013 0.7854252189999897 95.85649739
132 314.44680320000003 49.89794720252242 221.79680320000003 -42.75205279747759 0.4811886039999962 0.9494201899999979 97.439578293
133 314.44680320000003 49.89794720252242 221.79680320000003 -42.75205279747759 0.3146910309999953 0.47388004799999806 98.871733866
134 314.44680320000003 49.89794720252242 221.79680320000003 -42.75205279747759 0.2919348209999981 0.3730891310000004 99.662371054
135 314.44680320000003 49.89794720252242 221.79680320000003 -42.75205279747759 0.38852270800001065 0.4367992600000008 100.328878142
136 314.44680320000003 49.89794720252242 221.79680320000003 -42.75205279747759 0.2645316180000066 0.39309936800000855 101.156030663
137 314.44680320000003 49.89794720252242 221.79680320000003 -42.75205279747759 0.36579452600000195 0.4160343850000032 101.815124993
138 314.44680320000003 49.89794720252242 221.79680320000003 -42.75205279747759 0.4395042090000061 0.40627071599999454 102.598371266
139 314.44680320000003 49.89794720252242 221.79680320000003 -42.75205279747759 0.2576829440000097 0.373291162000001 103.445807048
140 314.44680320000003 49.89794720252242 221.79680320000003 -42.75205279747759 0.5636808680000058 1.1782560109999878 104.078267137
141 314.44680320000003 49.89794720252242 221.79680320000003 -42.75205279747759 0.5335984270000012 0.6764930979999946 105.821936842
142 314.44680320000003 49.89794720252242 221.79680320000003 -42.75205279747759 0.4355938159999937 0.7950835500000011 107.033428117
143 314.44680320000003 49.89794720252242 221.79680320000003 -42.75205279747759 0.27404993899999397 0.42477026199999557 108.265564288
144 314.44680320000003 49.89794720252242 221.79680320000003 -42.75205279747759 0.5452149430000048 0.7562723209999973 108.965825003
145 314.44680320000003 49.89794720252242 221.79680320000003 -42.75205279747759 0.5715535880000004 0.699087930999994 110.268818246
146 314.44680320000003 49.89794720252242 221.79680320000003 -42.75205279747759 0.5607550860000003 1.1870756470000003 111.541056801
147 314.44680320000003 49.89794720252242 221.79680320000003 -42.75205279747759 0.8175350630000082 0.8994916159999917 113.290470476
148 314.44680320000003 49.89794720252242 221.79680320000003 -42.75205279747759 0.5548198660000025 0.8386381090000015 115.009236982
149 314.44680320000003 49.89794720252242 221.79680320000003 -42.75205279747759 0.5210914560000077 0.8802342999999979 116.404392975
150 314.44680320000003 49.89794720252242 221.79680320000003 -42.75205279747759 0.26066974100000095 1.4646940070000056 117.807385607
