"function evaluation" "current f(x)" "best-so-far f(x)" "current af(x)+b" "best af(x)+b" acq_opt_time model_fit_time cum_iteration_time
1 171337.6830224291 171337.6830224291 170337.6830224291 170337.6830224291 None None None
2 410287.1629538835 171337.6830224291 409287.1629538835 170337.6830224291 None None None
3 460068.7355037508 171337.6830224291 459068.7355037508 170337.6830224291 None None None
4 351159.5971387971 171337.6830224291 350159.5971387971 170337.6830224291 None None None
5 82358.32949044066 82358.32949044066 81358.32949044066 81358.32949044066 None None None
6 483394.6513400063 82358.32949044066 482394.6513400063 81358.32949044066 None None None
7 355403.28739979677 82358.32949044066 354403.28739979677 81358.32949044066 None None None
8 361821.5181383725 82358.32949044066 360821.5181383725 81358.32949044066 None None None
9 197381.9247861224 82358.32949044066 196381.9247861224 81358.32949044066 None None None
10 555147.0043603124 82358.32949044066 554147.0043603124 81358.32949044066 None None None
11 1010441.3284667762 82358.32949044066 1009441.3284667762 81358.32949044066 0.6349250699999995 0.454096904 0
12 784616.4692167027 82358.32949044066 783616.4692167027 81358.32949044066 1.3567724129999998 0.46265805999999987 6.029900683
13 201184.50501433454 82358.32949044066 200184.50501433454 81358.32949044066 0.6538963590000009 0.574799560999999 7.851779312
14 455461.6604419104 82358.32949044066 454461.6604419104 81358.32949044066 0.47133654699999994 0.4885201400000003 9.082102957
15 243147.51209133104 82358.32949044066 242147.51209133104 81358.32949044066 0.3319605190000008 0.619022192000001 10.044248808
16 136125.3057317019 82358.32949044066 135125.3057317019 81358.32949044066 0.39368413899999943 0.6464425009999992 11.301485137
17 379841.0791341641 82358.32949044066 378841.0791341641 81358.32949044066 0.4030825079999989 0.5550075379999999 12.344197106
18 800523.5245191396 82358.32949044066 799523.5245191396 81358.32949044066 0.5355370229999998 0.717905128 13.304941442
19 843374.5864298852 82358.32949044066 842374.5864298852 81358.32949044066 0.27428283199999903 0.5306551400000004 14.561303361
20 61459.7847993615 61459.7847993615 60459.7847993615 60459.7847993615 0.37954929200000187 0.5252371560000011 15.368758744
21 79905.51268824283 61459.7847993615 78905.51268824283 60459.7847993615 0.2732643190000026 0.4885456999999995 16.275885011
22 230335.49749217855 61459.7847993615 229335.49749217855 60459.7847993615 0.46138901300000157 0.6905618389999972 17.040378362
23 44843.35668357255 44843.35668357255 43843.35668357255 43843.35668357255 0.28840348000000304 0.5899582929999987 18.199164751
24 76919.97311320307 44843.35668357255 75919.97311320307 43843.35668357255 0.38240164900000195 0.6499960609999995 19.080008788
25 575562.8386565985 44843.35668357255 574562.8386565985 43843.35668357255 0.45579555600000177 0.5945771429999986 20.11532202
26 150947.4733715055 44843.35668357255 149947.4733715055 43843.35668357255 0.39656100899999913 0.5774936669999988 21.168420378
27 114973.14161836004 44843.35668357255 113973.14161836004 43843.35668357255 0.2829489229999993 0.5183184189999999 22.144940157
28 58568.59994889483 44843.35668357255 57568.59994889483 43843.35668357255 0.29084191400000137 1.5326363280000024 22.948624349
29 215606.5809670844 44843.35668357255 214606.5809670844 43843.35668357255 0.3010855790000022 0.6059331270000001 24.774787757
30 204039.91090097537 44843.35668357255 203039.91090097537 43843.35668357255 0.6096370789999987 0.5757556360000002 25.684787325
31 147776.97201480946 44843.35668357255 146776.97201480946 43843.35668357255 0.5378493919999983 1.8285224569999983 26.872681705
32 214471.31316689987 44843.35668357255 213471.31316689987 43843.35668357255 0.2744697259999995 0.5070882799999978 29.241147976
33 382776.63956427295 44843.35668357255 381776.63956427295 43843.35668357255 0.40310133199999854 0.5441794110000018 30.026162656
34 275535.4064767012 44843.35668357255 274535.4064767012 43843.35668357255 0.5678364089999981 0.756650925999999 30.976159662
35 283943.69737382303 44843.35668357255 282943.69737382303 43843.35668357255 0.3698271140000031 0.6708202849999978 32.303625992
36 47163.93173474025 44843.35668357255 46163.93173474025 43843.35668357255 0.3947720199999978 0.5217304439999992 33.347118507
37 28827.770190712417 28827.770190712417 27827.770190712417 27827.770190712417 0.5279325210000039 0.8229898760000012 34.266449371
38 82262.9375257941 28827.770190712417 81262.9375257941 27827.770190712417 0.3870446510000036 0.7375348979999998 35.620249989
39 184861.70842451442 28827.770190712417 183861.70842451442 27827.770190712417 0.254076726000001 1.166576818000003 36.74822392
40 132168.13589585535 28827.770190712417 131168.13589585535 27827.770190712417 0.5202128170000009 1.006003383999996 38.17142574
41 198602.80018822564 28827.770190712417 197602.80018822564 27827.770190712417 0.2747611550000002 1.3165024360000004 39.700794527
42 93174.78544323142 28827.770190712417 92174.78544323142 27827.770190712417 0.27751616300000137 0.4994631910000038 41.294404169
43 626771.9230828157 28827.770190712417 625771.9230828157 27827.770190712417 0.38385575299999886 0.5687673930000017 42.073991696
44 144934.32840304365 28827.770190712417 143934.32840304365 27827.770190712417 0.3414955400000039 0.7277958389999952 43.029955392
45 114294.44663012339 28827.770190712417 113294.44663012339 27827.770190712417 0.3022587990000005 0.5463500210000021 44.102050001
46 367683.6283081937 28827.770190712417 366683.6283081937 27827.770190712417 0.2800301820000044 0.5155191719999976 44.953201323
47 93980.02754842004 28827.770190712417 92980.02754842004 27827.770190712417 0.48450091799999484 0.5769588029999966 45.75138615
48 26325.813640167242 26325.813640167242 25325.813640167242 25325.813640167242 0.9112684019999975 1.5336338919999974 46.815801661
49 60180.18605857791 26325.813640167242 59180.18605857791 25325.813640167242 0.2693292279999966 0.6305934989999997 49.312403927
50 156121.0706378377 26325.813640167242 155121.0706378377 25325.813640167242 0.37517175800000047 0.5620292170000027 50.214837991
51 299350.8052139142 26325.813640167242 298350.8052139142 25325.813640167242 0.33085728799999714 0.5245425119999965 51.154455399
52 162723.10466932674 26325.813640167242 161723.10466932674 25325.813640167242 0.27132912800000497 0.6815431019999991 52.013096414
53 184173.5946151751 26325.813640167242 183173.5946151751 25325.813640167242 0.3657135019999984 0.5397821990000011 52.9683229
54 47266.450712310296 26325.813640167242 46266.450712310296 25325.813640167242 0.3682530660000012 0.5476256140000046 53.876206316
55 41605.36103671641 26325.813640167242 40605.36103671641 25325.813640167242 0.3845219709999981 0.4910606119999983 54.794616696
56 210443.37822560436 26325.813640167242 209443.37822560436 25325.813640167242 0.2718089500000005 1.1864762960000022 55.673566552
57 115014.83555964255 26325.813640167242 114014.83555964255 25325.813640167242 0.2696436900000023 0.49602949299999466 57.134284638
58 165288.21076637757 26325.813640167242 164288.21076637757 25325.813640167242 0.3750521410000047 0.5573318490000005 57.902375527
59 113852.31133945339 26325.813640167242 112852.31133945339 25325.813640167242 0.2688476809999969 0.5101858700000008 58.83768001
60 301754.53361687437 26325.813640167242 300754.53361687437 25325.813640167242 0.2739557889999986 0.5090716520000029 59.618995706
61 100877.29721671942 26325.813640167242 99877.29721671942 25325.813640167242 0.27339904699999806 0.4902970400000015 60.404592534
62 34982.81323604871 26325.813640167242 33982.81323604871 25325.813640167242 0.3872993170000001 0.8174990099999988 61.170639169
63 132997.6172218754 26325.813640167242 131997.6172218754 25325.813640167242 0.266553119000001 1.1610231410000011 62.377865416
64 38645.821840235905 26325.813640167242 37645.821840235905 25325.813640167242 0.28278646500000093 0.539807372999995 63.808034581
65 459903.0990588115 26325.813640167242 458903.0990588115 25325.813640167242 0.3877250149999867 0.6004588830000017 64.633045363
66 118948.85603027066 26325.813640167242 117948.85603027066 25325.813640167242 0.28452189799999417 0.535973803999994 65.624513538
67 198356.47817238915 26325.813640167242 197356.47817238915 25325.813640167242 0.3648073029999921 0.5765845840000026 66.447671
68 14610.265262465182 14610.265262465182 13610.265262465182 13610.265262465182 0.5702469160000021 0.6127429259999957 67.391674013
69 175933.39106644416 14610.265262465182 174933.39106644416 13610.265262465182 0.31412658600000043 0.6483151270000036 68.577329031
70 223710.63171236025 14610.265262465182 222710.63171236025 13610.265262465182 0.275879118000006 0.525911648999994 69.542502178
71 318552.6242143944 14610.265262465182 317552.6242143944 13610.265262465182 0.5682447670000101 0.5847195629999931 70.347096542
72 201295.05669039732 14610.265262465182 200295.05669039732 13610.265262465182 0.4949011030000037 1.1783490430000114 71.502641857
73 83984.80807330873 14610.265262465182 82984.80807330873 13610.265262465182 0.7053033550000123 1.4990764230000053 73.178501717
74 68742.22578170827 14610.265262465182 67742.22578170827 13610.265262465182 0.38559698100000617 0.707794726000003 75.385108154
75 200100.44444783998 14610.265262465182 199100.44444783998 13610.265262465182 0.2895870459999941 0.5341238999999973 76.481093789
76 143756.7491015029 14610.265262465182 142756.7491015029 13610.265262465182 0.38337982499999157 0.585709487999992 77.307234237
77 116217.5260080163 14610.265262465182 115217.5260080163 13610.265262465182 0.2932843030000072 0.7277927880000021 78.279070779
78 372738.15388283995 14610.265262465182 371738.15388283995 13610.265262465182 0.49848800099999835 1.1339411530000092 79.31046762
79 163526.4386869016 14610.265262465182 162526.4386869016 13610.265262465182 0.5041303980000009 1.143129591999994 80.945408531
80 484498.949581495 14610.265262465182 483498.949581495 13610.265262465182 0.5617517080000027 1.5766812779999952 82.59499197
81 159245.39175934746 14610.265262465182 158245.39175934746 13610.265262465182 0.46367504599999165 1.3023547070000063 84.736158629
82 132597.10878327713 14610.265262465182 131597.10878327713 13610.265262465182 0.563886060999991 1.623586833999994 86.504484679
83 393418.3169939607 14610.265262465182 392418.3169939607 13610.265262465182 0.5326877419999931 1.1827435739999999 88.694172398
84 229463.10547408485 14610.265262465182 228463.10547408485 13610.265262465182 0.2927646840000051 0.6835952630000008 90.41170101
85 229607.46349824689 14610.265262465182 228607.46349824689 13610.265262465182 0.4158646539999893 0.645385791999999 91.390576312
86 16812.865533828037 14610.265262465182 15812.865533828037 13610.265262465182 0.45174647899999343 0.6510399149999984 92.454342184
87 200057.96908617343 14610.265262465182 199057.96908617343 13610.265262465182 0.3262508440000005 0.7710009409999969 93.560242203
88 51411.43027210557 14610.265262465182 50411.43027210557 13610.265262465182 0.381236904000005 0.7452233629999938 94.660185919
89 482198.7190397118 14610.265262465182 481198.7190397118 13610.265262465182 0.38336599199999455 0.6271602980000068 95.789117039
90 238305.03950666927 14610.265262465182 237305.03950666927 13610.265262465182 0.3222366349999959 0.5613343830000019 96.802262355
91 213870.02814319415 14610.265262465182 212870.02814319415 13610.265262465182 0.39760094499999354 0.6535205069999961 97.688185109
92 123539.19624640216 14610.265262465182 122539.19624640216 13610.265262465182 0.4159433230000076 0.6713015030000093 98.741766886
93 36751.98029098763 14610.265262465182 35751.98029098763 13610.265262465182 0.4302215240000038 0.652379136999997 99.831842291
94 41316.36012797673 14610.265262465182 40316.36012797673 13610.265262465182 0.2762775199999936 0.699959750000005 100.917660103
95 71635.25735339081 14610.265262465182 70635.25735339081 13610.265262465182 0.2777639540000081 0.6462491679999971 101.896335572
96 30429.986289277495 14610.265262465182 29429.986289277495 13610.265262465182 0.5880280869999979 1.324537633999995 102.823092061
97 68451.87341207017 14610.265262465182 67451.87341207017 13610.265262465182 0.5709240829999942 1.574305484000007 104.738364708
98 40014.25459866393 14610.265262465182 39014.25459866393 13610.265262465182 0.42856908100000624 1.425210309999997 106.885728774
99 79401.56456153025 14610.265262465182 78401.56456153025 13610.265262465182 0.33833840699999485 1.7639607280000007 108.742014029
100 28394.085801630936 14610.265262465182 27394.085801630936 13610.265262465182 0.30455411500000196 0.7956464840000024 110.846979131
101 260385.35763709963 14610.265262465182 259385.35763709963 13610.265262465182 0.29922743000000196 0.6146134160000116 111.949900235
102 140499.6703597228 14610.265262465182 139499.6703597228 13610.265262465182 0.30122670899999093 0.6239225019999992 112.866564315
103 35562.43703796143 14610.265262465182 34562.43703796143 13610.265262465182 0.9483044459999945 0.645766334000001 113.794119149
104 90196.90899089316 14610.265262465182 89196.90899089316 13610.265262465182 0.4117824920000004 0.6860315250000042 115.390759499
105 50364.60642909904 14610.265262465182 49364.60642909904 13610.265262465182 0.28955454900000177 0.7371276359999968 116.491577861
106 60214.51627745664 14610.265262465182 59214.51627745664 13610.265262465182 0.38683088799999155 0.6561807639999984 117.520759428
107 372761.2537965793 14610.265262465182 371761.2537965793 13610.265262465182 0.2767221990000053 0.6010055739999984 118.566220578
108 51052.92762285714 14610.265262465182 50052.92762285714 13610.265262465182 0.2715231610000046 0.5689147599999984 119.446264285
109 28747.12468485135 14610.265262465182 27747.12468485135 13610.265262465182 0.43512681500000383 0.6770820119999996 120.289162049
110 32143.741892145226 14610.265262465182 31143.741892145226 13610.265262465182 0.3860281360000073 0.7044631920000057 121.40451857
111 221413.49199890887 14610.265262465182 220413.49199890887 13610.265262465182 0.3287969670000024 0.7455347220000021 122.498174633
112 354866.6551187929 14610.265262465182 353866.6551187929 13610.265262465182 0.4360103669999944 1.1374426990000046 123.575619437
113 87496.60016011428 14610.265262465182 86496.60016011428 13610.265262465182 0.5744874330000016 0.8387066710000113 125.151807828
114 70545.71537821034 14610.265262465182 69545.71537821034 13610.265262465182 0.8309059679999962 5.604714006000009 126.567751063
115 443126.6357829987 14610.265262465182 442126.6357829987 13610.265262465182 0.7113721659999896 3.679443103000011 133.006104355
116 62956.63498800858 14610.265262465182 61956.63498800858 13610.265262465182 0.35866436800000656 2.935778321000015 137.398897833
117 68115.80132800895 14610.265262465182 67115.80132800895 13610.265262465182 0.3130887239999822 0.6824289159999921 140.703641218
118 221655.27732657577 14610.265262465182 220655.27732657577 13610.265262465182 0.39775445899999795 1.1423628910000048 141.701570629
119 181154.1163965244 14610.265262465182 180154.1163965244 13610.265262465182 0.5563843650000138 1.6775615760000164 143.244347206
120 22063.46140066422 14610.265262465182 21063.46140066422 13610.265262465182 0.3678490819999922 0.6813732249999873 145.480941606
121 177402.82851201313 14610.265262465182 176402.82851201313 13610.265262465182 0.452111197999983 0.7358304010000154 146.532762501
122 189701.05768215703 14610.265262465182 188701.05768215703 13610.265262465182 0.827402305999982 0.8709928410000032 147.723230973
123 80946.06745607738 14610.265262465182 79946.06745607738 13610.265262465182 0.36821547600001736 3.452781385999998 149.42397405
124 111439.05620133654 14610.265262465182 110439.05620133654 13610.265262465182 0.26207402100001786 0.5547339290000082 153.247194617
125 111795.98599663464 14610.265262465182 110795.98599663464 13610.265262465182 0.7757027289999883 4.373429608999999 154.066321307
126 124791.20476371785 14610.265262465182 123791.20476371785 13610.265262465182 0.2985619690000192 0.7472298499999965 159.218127882
127 33005.468081252926 14610.265262465182 32005.468081252926 13610.265262465182 0.4009435650000057 0.6868459009999981 160.266286008
128 74979.13628308687 14610.265262465182 73979.13628308687 13610.265262465182 0.3945114490000208 0.7477033450000192 161.356833663
129 76559.53812960531 14610.265262465182 75559.53812960531 13610.265262465182 0.5350967929999797 0.9145277570000019 162.501839147
130 216617.47187075389 14610.265262465182 215617.47187075389 13610.265262465182 0.4074050780000107 0.7611810419999756 163.953860595
131 154377.02088252193 14610.265262465182 153377.02088252193 13610.265262465182 0.2886688270000093 0.6902244560000099 165.125991946
132 86570.26636468193 14610.265262465182 85570.26636468193 13610.265262465182 0.40716667400002393 0.7945005159999994 166.107615719
133 91702.75725497164 14610.265262465182 90702.75725497164 13610.265262465182 0.4271560539999939 0.815978475999998 167.311635032
134 52928.71398495738 14610.265262465182 51928.71398495738 13610.265262465182 0.28095261999999366 1.3625087270000051 168.557723528
135 94278.20951721858 14610.265262465182 93278.20951721858 13610.265262465182 0.3123951709999915 6.318795354999992 170.204840088
136 111992.61809131381 14610.265262465182 110992.61809131381 13610.265262465182 0.29872779900000523 0.6709938110000166 176.838371426
137 76141.53312671217 14610.265262465182 75141.53312671217 13610.265262465182 0.28464321100000234 0.6961623720000034 177.810817621
138 152532.9225789848 14610.265262465182 151532.9225789848 13610.265262465182 0.7333947630000068 2.0674634300000037 178.794055769
139 144445.05294867977 14610.265262465182 143445.05294867977 13610.265262465182 0.28858291200000963 0.6480066489999956 181.596983888
140 59766.197399504505 14610.265262465182 58766.197399504505 13610.265262465182 0.2885891299999912 0.8402700050000078 182.536033532
141 131659.1989891328 14610.265262465182 130659.1989891328 13610.265262465182 0.37578947000000085 0.7573295249999887 183.667651569
142 107296.95289416918 14610.265262465182 106296.95289416918 13610.265262465182 0.5633299260000229 0.7475302229999841 184.803156402
143 57609.32862150751 14610.265262465182 56609.32862150751 13610.265262465182 0.5267715290000012 1.8664943349999987 186.116731553
144 31724.856965313444 14610.265262465182 30724.856965313444 13610.265262465182 0.3481285160000027 0.773156130000018 188.512481822
145 63460.74951179204 14610.265262465182 62460.74951179204 13610.265262465182 0.2831978030000073 0.8812515519999806 189.636529313
146 78042.10189384155 14610.265262465182 77042.10189384155 13610.265262465182 0.6122727199999929 1.4103882880000072 190.803387269
147 76933.75107962835 14610.265262465182 75933.75107962835 13610.265262465182 0.41580462000001717 5.364614786999994 192.828565725
148 253920.55859653463 14610.265262465182 252920.55859653463 13610.265262465182 0.40267674300000067 0.9068743830000017 198.611375705
149 138311.11155764977 14610.265262465182 137311.11155764977 13610.265262465182 0.4561000760000127 1.3051912630000118 199.923390175
150 47862.81225156825 14610.265262465182 46862.81225156825 13610.265262465182 0.6146048360000123 1.846990749000014 201.687557316
