"function evaluation" "current f(x)" "best-so-far f(x)" "current af(x)+b" "best af(x)+b" acq_opt_time model_fit_time cum_iteration_time
1 902.0178763310088 902.0178763310088 857.2478763310088 857.2478763310088 None None None
2 550.0519783736386 550.0519783736386 505.2819783736386 505.2819783736386 None None None
3 739.9607955579538 550.0519783736386 695.1907955579538 505.2819783736386 None None None
4 336.79899175389323 336.79899175389323 292.02899175389325 292.02899175389325 None None None
5 678.4370592224182 336.79899175389323 633.6670592224182 292.02899175389325 None None None
6 720.9759771354467 336.79899175389323 676.2059771354467 292.02899175389325 None None None
7 577.9229471791677 336.79899175389323 533.1529471791678 292.02899175389325 None None None
8 887.9284378241898 336.79899175389323 843.1584378241898 292.02899175389325 None None None
9 319.9512740363632 319.9512740363632 275.1812740363632 275.1812740363632 None None None
10 888.4510331425311 319.9512740363632 843.6810331425311 275.1812740363632 None None None
11 14541.990075800546 319.9512740363632 14497.220075800546 275.1812740363632 0.29590197399999996 0.13470658299999982 0
12 9126.53374619764 319.9512740363632 9081.76374619764 275.1812740363632 0.1914624120000008 0.2376645470000005 4.009699812
13 6675.592961656214 319.9512740363632 6630.822961656214 275.1812740363632 0.3168832660000005 0.23070071300000006 4.440004727
14 5808.299272220632 319.9512740363632 5763.529272220631 275.1812740363632 0.6089836360000005 0.2991122079999995 4.98916629
15 3682.0593203677117 319.9512740363632 3637.2893203677118 275.1812740363632 0.6994339030000001 0.32128527600000023 5.898618617
16 5119.769637375804 319.9512740363632 5074.999637375804 275.1812740363632 0.5336026670000003 0.283408938 6.92089974
17 3717.9304872413913 319.9512740363632 3673.1604872413914 275.1812740363632 0.6084011070000006 0.37925450700000063 7.739428507
18 5178.658234764828 319.9512740363632 5133.888234764828 275.1812740363632 0.363098119 0.42019426499999923 8.728658632
19 6263.219857084756 319.9512740363632 6218.449857084755 275.1812740363632 0.38510390599999944 0.5655669640000003 9.513339695
20 5990.0446975046725 319.9512740363632 5945.274697504672 275.1812740363632 0.28948508899999936 0.5305557840000006 10.465581261
21 3241.9480709930813 319.9512740363632 3197.1780709930813 275.1812740363632 0.32686491199999956 0.855450080999999 11.287081556
22 3033.8909633013286 319.9512740363632 2989.1209633013286 275.1812740363632 0.26476191400000104 0.28365410800000035 12.470915852
23 3633.0979227301664 319.9512740363632 3588.3279227301664 275.1812740363632 0.2937454230000007 0.294150428 13.020771895
24 2781.463515907445 319.9512740363632 2736.693515907445 275.1812740363632 0.3089532350000006 0.30197721599999916 13.610142008
25 3089.8542992143225 319.9512740363632 3045.0842992143225 275.1812740363632 0.27121314800000107 0.3913275470000013 14.222734788
26 2861.363637301289 319.9512740363632 2816.593637301289 275.1812740363632 0.21404053899999909 0.2750019989999988 14.886725871
27 4502.1787712915975 319.9512740363632 4457.408771291597 275.1812740363632 0.3093045200000013 0.3115952429999993 15.377419708
28 3237.0573770495785 319.9512740363632 3192.2873770495785 275.1812740363632 0.209711372000001 0.2709625880000033 16.000034648
29 2866.9062953375933 319.9512740363632 2822.1362953375933 275.1812740363632 0.2076899420000018 0.26631544500000004 16.482315513
30 3856.128576152133 319.9512740363632 3811.358576152133 275.1812740363632 0.20800010700000016 0.2682775399999997 16.958011086
31 3824.9570657064014 319.9512740363632 3780.1870657064014 275.1812740363632 0.21931383699999785 0.2749088730000011 17.435634194
32 2412.402339422157 319.9512740363632 2367.632339422157 275.1812740363632 0.6985901439999971 0.34644893800000176 17.931251981
33 2673.729301472956 319.9512740363632 2628.959301472956 275.1812740363632 0.3093551029999979 1.0172709409999996 18.977951608
34 1896.945989107429 319.9512740363632 1852.1759891074291 275.1812740363632 0.21621471699999972 0.2731263300000002 20.306004002
35 3235.8018554232845 319.9512740363632 3191.0318554232845 275.1812740363632 0.2158313430000014 0.2752888519999992 20.796750099
36 2394.64042166524 319.9512740363632 2349.87042166524 275.1812740363632 0.3129668599999995 0.3114109400000018 21.289538156
37 1990.6607373411932 319.9512740363632 1945.8907373411932 275.1812740363632 0.21344221900000093 0.5740424200000014 21.91546222
38 3030.5792154614232 319.9512740363632 2985.8092154614233 275.1812740363632 0.3728469809999986 0.6201166489999999 22.70466706
39 2975.2481876619545 319.9512740363632 2930.4781876619545 275.1812740363632 0.3084376089999985 0.5809442900000015 23.699262972
40 2584.0016466098987 319.9512740363632 2539.2316466098987 275.1812740363632 0.3056143420000019 0.7298096019999996 24.590243191
41 4933.4347076179765 319.9512740363632 4888.664707617976 275.1812740363632 0.31647901700000247 0.5425424749999976 25.62716867
42 2474.773152661998 319.9512740363632 2430.0031526619982 275.1812740363632 0.36639896599999844 0.6599276510000003 26.487831354
43 3314.5325714087153 319.9512740363632 3269.7625714087153 275.1812740363632 0.2756889539999996 0.8220165870000002 27.515699317
44 3041.749088313634 319.9512740363632 2996.979088313634 275.1812740363632 0.20998730499999851 1.296706682 28.614867202
45 2730.3713624265874 319.9512740363632 2685.6013624265875 275.1812740363632 0.23633068599999874 0.3269778730000006 30.122268334
46 2536.096837066664 319.9512740363632 2491.326837066664 275.1812740363632 0.3067006300000017 0.3037157530000023 30.687257826
47 2267.6832730957394 319.9512740363632 2222.9132730957394 275.1812740363632 0.3126492280000015 0.3082723250000008 31.299090061
48 2800.214009484407 319.9512740363632 2755.444009484407 275.1812740363632 0.30661725899999936 0.3166299420000023 31.921509111
49 2707.983137277286 319.9512740363632 2663.213137277286 275.1812740363632 0.2215970150000004 0.27537205400000175 32.54624104
50 3203.943076683773 319.9512740363632 3159.173076683773 275.1812740363632 0.5110246919999994 0.30737702700000114 33.044587999
51 2522.772461360349 319.9512740363632 2478.002461360349 275.1812740363632 0.3057329600000003 1.042655363999998 33.864680515
52 2474.2247126820384 319.9512740363632 2429.4547126820385 275.1812740363632 0.2289357380000041 0.3262437170000041 35.21453161
53 3008.807886445575 319.9512740363632 2964.037886445575 275.1812740363632 0.2967105020000034 0.30925753600000405 35.771154636
54 2546.637486508185 319.9512740363632 2501.867486508185 275.1812740363632 0.3120145480000005 0.3133646990000045 36.378623676
55 2348.54840480575 319.9512740363632 2303.77840480575 275.1812740363632 0.419608316999998 0.29616607900000247 37.005545983
56 2476.188239511744 319.9512740363632 2431.418239511744 275.1812740363632 0.4589743310000003 1.140441377000002 37.722835437
57 2901.172388703552 319.9512740363632 2856.402388703552 275.1812740363632 0.23744777400000316 0.3667563730000012 39.323721599
58 3175.999349243155 319.9512740363632 3131.229349243155 275.1812740363632 0.21215329599999677 0.2769312570000011 39.929514345
59 2022.5712329557962 319.9512740363632 1977.8012329557962 275.1812740363632 0.30815602999999925 0.31898668600000235 40.420085936
60 2619.500481122789 319.9512740363632 2574.730481122789 275.1812740363632 0.3190257569999986 0.5729905849999994 41.048802677
61 3845.0788193925337 319.9512740363632 3800.3088193925337 275.1812740363632 0.21150136699999678 0.3845618889999969 41.942283869
62 3109.049524331259 319.9512740363632 3064.279524331259 275.1812740363632 0.30723707699999636 0.30896230599999797 42.539728359
63 2538.7225847663585 319.9512740363632 2493.9525847663585 275.1812740363632 0.21609073199999784 0.2894531979999968 43.157278326
64 2858.2923679433525 319.9512740363632 2813.5223679433525 275.1812740363632 0.3138488720000012 0.30875971200000407 43.664360411
65 2733.300474218439 319.9512740363632 2688.530474218439 275.1812740363632 0.3161055659999974 0.3147400779999998 44.28839992
66 2167.451600872232 319.9512740363632 2122.681600872232 275.1812740363632 0.24588204200000519 0.6474807700000014 44.920666663
67 3335.8304258016537 319.9512740363632 3291.0604258016538 275.1812740363632 0.21746030500000302 0.34628982699999966 45.815634727
68 2581.814873057868 319.9512740363632 2537.0448730578682 275.1812740363632 0.22062784999999963 0.2808646300000035 46.381091655
69 3308.093457993482 319.9512740363632 3263.323457993482 275.1812740363632 0.21869017999999585 0.28547546500000465 46.884095691
70 2878.693924956426 319.9512740363632 2833.923924956426 275.1812740363632 0.22161231700000172 0.2863752439999985 47.389874589
71 2320.650210370315 319.9512740363632 2275.880210370315 275.1812740363632 0.21911029900000045 0.29255782900000327 47.899395885
72 3756.0530620858585 319.9512740363632 3711.2830620858585 275.1812740363632 0.7690283960000031 0.3182501920000007 48.412428989
73 2223.8810525217127 319.9512740363632 2179.1110525217127 275.1812740363632 0.21878504200000037 0.30848915800000043 49.501264229
74 2601.47456147913 319.9512740363632 2556.70456147913 275.1812740363632 0.21952584900000005 0.287497768999998 50.030063732
75 2722.3674971872097 319.9512740363632 2677.5974971872097 275.1812740363632 0.31593966599999845 0.3283291209999959 50.53864028
76 2721.751361566921 319.9512740363632 2676.981361566921 275.1812740363632 0.21907827000000424 0.29052834999999533 51.184275029
77 3112.7079495572248 319.9512740363632 3067.937949557225 275.1812740363632 0.22276897900000137 0.2879067700000064 51.695509678
78 2895.861451639265 319.9512740363632 2851.091451639265 275.1812740363632 0.5638134229999991 0.28821077799999983 52.207591645
79 3144.3101117600927 319.9512740363632 3099.5401117600927 275.1812740363632 0.3260908330000021 0.45630295099999785 53.060911923
80 2580.525820424483 319.9512740363632 2535.755820424483 275.1812740363632 0.2202792819999999 0.29352525900000614 53.84486152
81 2422.227720559113 319.9512740363632 2377.457720559113 275.1812740363632 0.22065320099999752 0.2892977719999976 54.3600789
82 2077.9057809961228 319.9512740363632 2033.1357809961228 275.1812740363632 0.22772017299999447 0.29297561900000346 54.871428438
83 2258.6845373094707 319.9512740363632 2213.9145373094707 275.1812740363632 0.3307686290000049 0.3363273410000005 55.393553209
84 1744.4806829264194 319.9512740363632 1699.7106829264194 275.1812740363632 0.551581180999996 0.30041317500000275 56.062325783
85 2056.7851551548006 319.9512740363632 2012.0151551548006 275.1812740363632 0.22716295799999386 0.31566617499999694 56.916450334
86 2188.065095301627 319.9512740363632 2143.295095301627 275.1812740363632 0.23746724299999755 0.30150182799999925 57.460870324
87 2729.9068485017006 319.9512740363632 2685.1368485017006 275.1812740363632 0.33708827699999944 0.34284965700000214 58.001246488
88 1709.4394142271192 319.9512740363632 1664.6694142271192 275.1812740363632 0.3342776930000042 0.3420980940000007 58.682640444
89 2637.917781497069 319.9512740363632 2593.147781497069 275.1812740363632 0.3332216410000015 0.3431011839999982 59.360659149
90 2439.2732984996965 319.9512740363632 2394.5032984996965 275.1812740363632 0.4799800210000029 0.5516338529999985 60.038582229
91 3359.1288712220307 319.9512740363632 3314.3588712220308 275.1812740363632 0.33317444400000085 1.126990395 61.072013511
92 3721.2634921531485 319.9512740363632 3676.4934921531485 275.1812740363632 0.24469877199999956 0.34495517699999567 62.533629718
93 2364.0402983186027 319.9512740363632 2319.2702983186027 275.1812740363632 0.3360434419999976 0.344214400999995 63.124982822
94 2447.3666826982408 319.9512740363632 2402.596682698241 275.1812740363632 0.3918764849999974 0.5328932850000001 63.806653042
95 3725.695111754277 319.9512740363632 3680.925111754277 275.1812740363632 0.5963293619999916 1.1508974050000091 64.732759679
96 2241.4828841397366 319.9512740363632 2196.7128841397366 275.1812740363632 0.36724291699999867 1.0206312110000084 66.481266143
97 2284.866224815166 319.9512740363632 2240.096224815166 275.1812740363632 0.2360584470000049 0.3785026099999982 67.870594457
98 2072.284271643023 319.9512740363632 2027.5142716430232 275.1812740363632 0.29972153999999307 1.4314913840000116 68.486707019
99 2409.154972751105 319.9512740363632 2364.384972751105 275.1812740363632 0.41989825699999983 0.40258670699999755 70.219428279
100 2869.109988558676 319.9512740363632 2824.339988558676 275.1812740363632 0.7558929550000073 0.42036790999999596 71.043553595
101 2322.741944915833 319.9512740363632 2277.971944915833 275.1812740363632 0.5518119769999998 1.0866102089999998 72.221391627
102 2354.7125616168605 319.9512740363632 2309.9425616168605 275.1812740363632 0.4782396439999985 1.8201756440000025 73.86151895
103 1914.4557590086501 319.9512740363632 1869.6857590086502 275.1812740363632 0.7044488359999974 0.6783682460000051 76.161548743
104 2196.9422566964195 319.9512740363632 2152.1722566964195 275.1812740363632 0.5017096819999978 0.6370570560000033 77.54582211
105 2516.0796424186883 319.9512740363632 2471.3096424186883 275.1812740363632 0.3252666469999923 0.6963629549999979 78.686422367
106 2670.775000226364 319.9512740363632 2626.0050002263642 275.1812740363632 0.25181369000000586 0.3222796870000053 79.709548358
107 2989.6820087243573 319.9512740363632 2944.9120087243573 275.1812740363632 0.27233345899999506 0.32089666100000613 80.285076392
108 2833.1754511451004 319.9512740363632 2788.4054511451004 275.1812740363632 0.25201165700001127 0.3877644250000003 80.880378854
109 2581.948933411223 319.9512740363632 2537.178933411223 275.1812740363632 0.36187122199999067 0.3629258920000069 81.521729312
110 2347.8235691018317 319.9512740363632 2303.0535691018317 275.1812740363632 0.49943321199999957 0.3697538149999957 82.248409174
111 2850.380654026937 319.9512740363632 2805.610654026937 275.1812740363632 0.2891969020000005 0.5344486999999987 83.118903527
112 2395.769827930026 319.9512740363632 2350.999827930026 275.1812740363632 0.38362341699999547 0.36338900299999466 83.944481326
113 2402.1194314460977 319.9512740363632 2357.3494314460977 275.1812740363632 0.2576582980000097 1.0282822220000014 84.693184775
114 2177.7566702182894 319.9512740363632 2132.9866702182894 275.1812740363632 0.25593484599998817 0.330091503999995 85.980620737
115 2477.9177038024 319.9512740363632 2433.1477038024 275.1812740363632 0.3735914850000057 0.4897886569999912 86.568244567
116 1945.6500633372984 319.9512740363632 1900.8800633372985 275.1812740363632 0.2697875759999988 0.48421647499999665 87.433101386
117 2817.237963488665 319.9512740363632 2772.467963488665 275.1812740363632 0.3831315450000119 0.44372650199998986 88.188673219
118 2850.591687721875 319.9512740363632 2805.821687721875 275.1812740363632 0.38140788200000486 0.37898667400000363 89.017037501
119 2981.7048663886894 319.9512740363632 2936.9348663886894 275.1812740363632 0.2936266979999971 0.601039974999992 89.778905849
120 3622.3218067780917 319.9512740363632 3577.5518067780918 275.1812740363632 0.3323453229999984 0.43970281800000066 90.675082962
121 1640.592249377498 319.9512740363632 1595.822249377498 275.1812740363632 0.5340571130000029 0.6698048829999976 91.448589019
122 3014.226015442146 319.9512740363632 2969.456015442146 275.1812740363632 0.5131093509999971 0.6833591470000044 92.653994649
123 2307.159282792577 319.9512740363632 2262.389282792577 275.1812740363632 0.3092679180000033 0.7926103679999983 93.852120632
124 2147.2803105429257 319.9512740363632 2102.5103105429257 275.1812740363632 0.2689524419999998 1.1427878180000022 94.955626065
125 3023.787377371183 319.9512740363632 2979.017377371183 275.1812740363632 0.25649518699999874 0.3925502059999957 96.368898496
126 1732.7863484107716 319.9512740363632 1688.0163484107716 275.1812740363632 0.25665736199999856 0.3461137789999924 97.019433428
127 1874.4616707306814 319.9512740363632 1829.6916707306814 275.1812740363632 0.4597182380000078 0.7536583850000085 97.623855659
128 2901.356009175544 319.9512740363632 2856.586009175544 275.1812740363632 0.3533107599999994 0.42384430900000325 98.838778386
129 2239.2158228522076 319.9512740363632 2194.4458228522076 275.1812740363632 0.5153078900000025 0.7780234190000073 99.617697508
130 2941.956814084589 319.9512740363632 2897.186814084589 275.1812740363632 0.5243893499999928 1.1752956379999944 100.912519796
131 2709.369156528946 319.9512740363632 2664.599156528946 275.1812740363632 0.5321486189999973 0.7425305439999903 102.613690904
132 2468.2795871668172 319.9512740363632 2423.5095871668173 275.1812740363632 0.557153705999994 0.977852120999998 103.889910796
133 2911.803348808865 319.9512740363632 2867.033348808865 275.1812740363632 0.5831742109999993 0.7753807899999998 105.426310142
134 2758.9687979329665 319.9512740363632 2714.1987979329665 275.1812740363632 0.5599392519999924 0.7732425780000085 106.786602052
135 2297.527853216987 319.9512740363632 2252.757853216987 275.1812740363632 0.8332409060000003 1.2001162509999972 108.121275603
136 2371.8823483426986 319.9512740363632 2327.1123483426986 275.1812740363632 0.5813929600000023 1.1443142379999927 110.156092503
137 2325.6271280245132 319.9512740363632 2280.8571280245133 275.1812740363632 0.7917188600000031 0.7494659470000045 111.88329048
138 2008.243545361985 319.9512740363632 1963.473545361985 275.1812740363632 0.6399334350000032 0.7444129640000057 113.426048311
139 2297.5337183005017 319.9512740363632 2252.7637183005018 275.1812740363632 0.5410627199999993 1.2963153409999961 114.811884784
140 2453.691585425356 319.9512740363632 2408.921585425356 275.1812740363632 0.6145975660000005 0.7918270339999935 116.650971035
141 2931.8578517286123 319.9512740363632 2887.0878517286123 275.1812740363632 0.9038162709999966 1.2281137109999918 118.058896141
142 2926.046761567094 319.9512740363632 2881.276761567094 275.1812740363632 0.5687507999999895 1.2451766490000011 120.192506778
143 2502.4171249400815 319.9512740363632 2457.6471249400815 275.1812740363632 0.5731433960000061 0.724761982000004 122.007960871
144 2803.9058063248085 319.9512740363632 2759.1358063248085 275.1812740363632 0.8361171439999993 0.9436521199999959 123.307346308
145 2533.9585022076544 319.9512740363632 2489.1885022076544 275.1812740363632 0.6064688240000038 1.0859982499999887 125.088582526
146 3136.815576743606 319.9512740363632 3092.045576743606 275.1812740363632 0.4739565499999827 0.8527223649999911 126.782513675
147 2511.432969343625 319.9512740363632 2466.662969343625 275.1812740363632 0.2767459069999916 0.459830304999997 128.110679085
148 2702.0858568901276 319.9512740363632 2657.3158568901276 275.1812740363632 0.5461035999999808 1.0101179330000036 128.848776459
149 3107.4835308381034 319.9512740363632 3062.7135308381035 275.1812740363632 0.26760281299999633 3.3162718929999926 130.406661102
150 2868.8450374645204 319.9512740363632 2824.0750374645204 275.1812740363632 0.26296379199999365 0.36384300500000677 133.992046454
