"function evaluation" "current f(x)" "best-so-far f(x)" "current af(x)+b" "best af(x)+b" acq_opt_time model_fit_time cum_iteration_time
1 9.911814004716916 9.911814004716916 404.39181400471693 404.39181400471693 None None None
2 68.64287801084276 9.911814004716916 463.1228780108428 404.39181400471693 None None None
3 63.47193471999998 9.911814004716916 457.95193472 404.39181400471693 0.025851392999999945 0.028456429000000227 0
4 83.63193472 9.911814004716916 478.11193472 404.39181400471693 0.02698527700000053 0.06810996100000022 4.827549273
5 20.44298215029596 9.911814004716916 414.922982150296 404.39181400471693 0.032534402999999656 0.07000207000000014 4.924201944
6 71.09052127015542 9.911814004716916 465.57052127015544 404.39181400471693 0.1504733070000004 0.07890462800000009 5.028058559
7 4.1270828664798955 4.1270828664798955 398.6070828664799 398.6070828664799 0.03596600900000002 0.09063435399999964 5.259362648
8 53.607968952692204 4.1270828664798955 448.0879689526922 398.6070828664799 0.04192476999999961 0.08392957499999998 5.388122759
9 19.414317135206545 4.1270828664798955 413.89431713520656 398.6070828664799 0.03428861300000019 0.0833074939999996 5.515690833
10 26.69007660550062 4.1270828664798955 421.17007660550064 398.6070828664799 0.09931419900000016 0.08310647199999988 5.63545255
11 2.3113448366614193 2.3113448366614193 396.79134483666144 396.79134483666144 0.048958934999999926 0.3722423700000004 5.819397279
12 141.43993472 2.3113448366614193 535.91993472 396.79134483666144 0.04712944699999966 0.12079182300000024 6.243298808
13 33.66108079450112 2.3113448366614193 428.14108079450114 396.79134483666144 0.049895356999999585 0.1216208209999996 6.413243859
14 2.7546373009648164 2.3113448366614193 397.23463730096483 396.79134483666144 0.05911929499999946 0.13380614800000057 6.587180577
15 25.169100793600307 2.3113448366614193 419.6491007936003 396.79134483666144 0.05180200499999987 0.149644275 6.782248217
16 96.02789598300615 2.3113448366614193 490.50789598300616 396.79134483666144 0.03761743199999934 0.14002186699999974 6.986360247
17 94.10857487134456 2.3113448366614193 488.5885748713446 396.79134483666144 0.04321089299999947 0.10210006800000038 7.165829273
18 43.421266011383295 2.3113448366614193 437.9012660113833 396.79134483666144 0.08198500499999994 0.12935720300000053 7.314160214
19 10.278505234841646 2.3113448366614193 404.75850523484166 396.79134483666144 0.07621051499999965 0.29901337699999964 7.527344803
20 64.6017461699347 2.3113448366614193 459.0817461699347 396.79134483666144 0.09232217699999978 0.21797373400000097 7.90494746
21 41.173966880713465 2.3113448366614193 435.6539668807135 396.79134483666144 0.09017086199999902 0.22069072500000075 8.217812084
22 63.49754870135217 2.3113448366614193 457.9775487013522 396.79134483666144 0.08763339799999947 0.22232252500000094 8.53107698
23 61.49839551005448 2.3113448366614193 455.9783955100545 396.79134483666144 0.07958516200000076 0.24837885300000018 8.843574445
24 106.71604156203409 2.3113448366614193 501.1960415620341 396.79134483666144 0.4394077850000002 0.22692412900000036 9.17374512
25 8.579650588654545 2.3113448366614193 403.05965058865456 396.79134483666144 0.07844317800000056 0.38055639599999935 9.843817332
26 96.68161140123055 2.3113448366614193 491.1616114012306 396.79134483666144 0.08110069600000003 0.23482982800000052 10.305640477
27 37.775357448705904 2.3113448366614193 432.2553574487059 396.79134483666144 0.04515186299999918 1.1863735290000008 10.62399186
28 4.9551947533318526 2.3113448366614193 399.43519475333187 396.79134483666144 0.06540140899999969 0.16080138100000063 11.857958219
29 20.442178582889085 2.3113448366614193 414.9221785828891 396.79134483666144 0.04084559800000065 0.13807566000000016 12.087456062
30 42.031177276641586 2.3113448366614193 436.5111772766416 396.79134483666144 0.04332616800000011 0.19197996000000117 12.268386819
31 2.0676902265087165 2.0676902265087165 396.54769022650873 396.54769022650873 0.04438173000000134 0.1107495459999992 12.508096717
32 76.76508151518942 2.0676902265087165 471.24508151518944 396.54769022650873 0.041138546000000886 0.12473196899999905 12.665206894
33 21.48317961887841 2.0676902265087165 415.9631796188784 396.54769022650873 0.04346133800000018 0.12647084599999836 12.833167869
34 24.880731801212562 2.0676902265087165 419.3607318012126 396.54769022650873 0.04592621699999988 0.12014897200000085 13.005869804
35 64.03095674603486 2.0676902265087165 458.5109567460349 396.54769022650873 0.04418826300000056 0.12013461599999964 13.174385533
36 0.11476270072159878 0.11476270072159878 394.5947627007216 394.5947627007216 0.04362987600000068 0.11102947500000049 13.341015118
37 9.345581492667918 0.11476270072159878 403.82558149266794 394.5947627007216 0.08268395600000034 0.1555844699999991 13.497641917
38 79.37577040307735 0.11476270072159878 473.8557704030774 394.5947627007216 0.08871998900000122 0.2521477060000006 13.737945753
39 44.964441904361024 0.11476270072159878 439.44444190436104 394.5947627007216 0.08625887799999887 0.29559755200000026 14.08116192
40 59.16408552401782 0.11476270072159878 453.64408552401784 394.5947627007216 0.09257462200000077 0.29971928800000036 14.46559781
41 52.86255604336384 0.11476270072159878 447.34255604336386 394.5947627007216 0.12168170400000022 0.24314963499999998 14.860167847
42 32.26800841037431 0.11476270072159878 426.7480084103743 394.5947627007216 0.07927574100000001 0.24524843799999907 15.227865466
43 4.355063227724884 0.11476270072159878 398.8350632277249 394.5947627007216 0.08493281199999991 0.23375286099999926 15.554704867
44 12.115102865579047 0.11476270072159878 406.59510286557907 394.5947627007216 0.07850379699999976 0.2398685460000003 15.875619013
45 20.593587258173955 0.11476270072159878 415.073587258174 394.5947627007216 0.07052561300000093 0.226488389 16.196388964
46 42.38039830272146 0.11476270072159878 436.8603983027215 394.5947627007216 0.08563360400000164 0.23435964800000164 16.495303792
47 41.184434877650574 0.11476270072159878 435.6644348776506 394.5947627007216 0.084093069999998 0.24028141799999858 16.817386194
48 46.768738287406904 0.11476270072159878 441.2487382874069 394.5947627007216 0.07290237699999835 14.702996825 17.143796171
49 85.14138672666638 0.11476270072159878 479.6213867266664 394.5947627007216 0.10707635700000395 0.28543475499999715 31.92251265
50 73.11441424794918 0.11476270072159878 467.5944142479492 394.5947627007216 0.08339382100000137 0.2829181060000039 32.317579417
51 35.269646895127266 0.11476270072159878 429.7496468951273 394.5947627007216 0.07460048900000515 0.23410872199999488 32.685935835
52 1.548430013004804 0.11476270072159878 396.0284300130048 394.5947627007216 0.07625599299999664 0.24019065099999892 32.996613882
53 85.88126763293184 0.11476270072159878 480.36126763293186 394.5947627007216 0.07925569500000051 0.3055452340000002 33.315058187
54 68.62172653117966 0.11476270072159878 463.1017265311797 394.5947627007216 0.07764638400000479 0.23377472099999608 33.702128558
55 80.25435136789872 0.11476270072159878 474.73435136789874 394.5947627007216 0.0803120220000011 0.239189734 34.015702693
56 78.85513007156078 0.11476270072159878 473.3351300715608 394.5947627007216 0.0778925779999966 0.230567010999998 34.337258509
57 45.230149575186715 0.11476270072159878 439.71014957518673 394.5947627007216 0.08487124100000187 0.24319644700000254 34.647713716
58 54.41149600102335 0.11476270072159878 448.89149600102337 394.5947627007216 0.07917297699999892 0.23646889799999826 34.978317771
59 12.133367988771681 0.11476270072159878 406.6133679887717 394.5947627007216 0.08404622900000192 0.24228297899999518 35.296065275
60 87.0718936407693 0.11476270072159878 481.5518936407693 394.5947627007216 0.08345535099999779 0.23917143799999963 35.624777771
61 56.49744528258725 0.11476270072159878 450.97744528258727 394.5947627007216 0.08534708999999907 0.29475685899999604 35.949864242
62 54.07532231515336 0.11476270072159878 448.5553223151534 394.5947627007216 0.0844780100000051 0.2542574209999984 36.332292931
63 6.8420056177072865 0.11476270072159878 401.3220056177073 394.5947627007216 0.09003816899999606 0.25801697499999676 36.673621849
64 3.7337586018071534 0.11476270072159878 398.21375860180717 394.5947627007216 0.09003452700000025 0.2524058870000019 37.023938748
65 36.979156196510075 0.11476270072159878 431.4591561965101 394.5947627007216 0.12026262500000229 0.2916307389999986 37.368635682
66 14.480719549512173 0.11476270072159878 408.9607195495122 394.5947627007216 0.08658248900000132 0.35760771900000066 37.783476429
67 120.37208156023246 0.11476270072159878 514.8520815602325 394.5947627007216 0.08566630199999992 0.26420310299999983 38.230158747
68 104.22648235298948 0.11476270072159878 498.7064823529895 394.5947627007216 0.08384054000000418 0.2600206380000003 38.582502266
69 32.46773562986891 0.11476270072159878 426.94773562986893 394.5947627007216 0.08519359299999962 0.2876507499999974 38.928495407
70 4.5029066582009705 0.11476270072159878 398.982906658201 394.5947627007216 0.08773942400000578 0.2620953920000062 39.304034124
