"function evaluation" "current f(x)" "best-so-far f(x)" "current af(x)+b" "best af(x)+b" acq_opt_time model_fit_time cum_iteration_time
1 19.34917332917803 19.34917332917803 60.12917332917803 60.12917332917803 None None None
2 25.259843777835755 19.34917332917803 66.03984377783576 60.12917332917803 None None None
3 27.08800638279611 19.34917332917803 67.86800638279611 60.12917332917803 0.02701807299999981 0.030757072000000107 0
4 11.895153124684967 11.895153124684967 52.67515312468497 52.67515312468497 0.02717753999999939 0.08199653500000004 4.867230377
5 9.95183943258671 9.95183943258671 50.73183943258671 50.73183943258671 0.0311796959999997 0.07212108800000028 4.977815122
6 21.754713101306614 9.95183943258671 62.534713101306615 50.73183943258671 0.030843854999999643 0.07952859300000004 5.082544876
7 53.85742366367643 9.95183943258671 94.63742366367643 50.73183943258671 0.03582725199999981 0.07895433200000035 5.194326166
8 10.194581629296579 9.95183943258671 50.97458162929658 50.73183943258671 0.0415111640000001 0.07967643099999933 5.31062274
9 2.974739920717539 2.974739920717539 43.75473992071754 43.75473992071754 0.03045647099999993 0.0799525490000006 5.433365408
10 18.229292284630347 2.974739920717539 59.00929228463035 43.75473992071754 0.03161291699999946 0.08214157200000027 5.545240624
11 11.415984677931846 2.974739920717539 52.19598467793185 43.75473992071754 0.03184140400000057 0.16035293900000003 5.660469388
12 20.750754084898205 2.974739920717539 61.530754084898206 43.75473992071754 0.03204023999999972 0.08467472600000026 5.854297257
13 7.322797605989621 2.974739920717539 48.10279760598962 43.75473992071754 0.033062938000000486 0.08397994699999956 5.972599089
14 23.0367220735751 2.974739920717539 63.8167220735751 43.75473992071754 0.10564856600000017 0.08531706000000039 6.091115148
15 12.270869838028077 2.974739920717539 53.05086983802808 43.75473992071754 0.053205626999999645 0.12143095700000028 6.284119805
16 2.006081720531128 2.006081720531128 42.78608172053113 42.78608172053113 0.03724082899999992 0.11291270300000011 6.461917901
17 7.534429745302361 2.006081720531128 48.31442974530236 42.78608172053113 0.041114738000000095 0.10033777700000002 6.614092519
18 11.561136891201308 2.006081720531128 52.34113689120131 42.78608172053113 0.037820208999999494 0.11958316499999988 6.757759894
19 39.04402984395955 2.006081720531128 79.82402984395955 42.78608172053113 0.042266405999999535 0.12816793000000004 6.917239453
20 62.57481640351463 2.006081720531128 103.35481640351463 42.78608172053113 0.06329488199999922 0.23655083099999974 7.089837215
21 13.096404039111135 2.006081720531128 53.87640403911114 42.78608172053113 0.07427404500000012 0.21044856899999953 7.391962304
22 5.208928710847623 2.006081720531128 45.988928710847624 42.78608172053113 0.07832318100000002 0.20799581399999933 7.678986515
23 11.406477371746611 2.006081720531128 52.18647737174661 42.78608172053113 0.07153456600000041 0.23338919300000072 7.967616605
24 6.510000710492868 2.006081720531128 47.29000071049287 42.78608172053113 0.07530951999999935 0.23450583899999877 8.274912659
25 8.061376927430217 2.006081720531128 48.84137692743022 42.78608172053113 0.08435886000000004 0.2497375710000007 8.587291064
26 7.34557651623733 2.006081720531128 48.12557651623733 42.78608172053113 0.11956572500000107 0.26031167900000085 8.923799884
27 10.572343919715635 2.006081720531128 51.352343919715636 42.78608172053113 0.10018357400000077 0.3323288529999999 9.306614976
28 25.000454752024652 2.006081720531128 65.78045475202465 42.78608172053113 0.11482467299999932 0.2760439889999997 9.741819978
29 18.280928450737605 2.006081720531128 59.060928450737606 42.78608172053113 0.09981785100000096 0.2830655879999995 10.135756238
30 23.194662862683202 2.006081720531128 63.9746628626832 42.78608172053113 0.12961112600000035 0.35289998599999883 10.522362183
31 2.1777529484524507 2.006081720531128 42.95775294845245 42.78608172053113 0.0905909170000001 0.3491288239999992 11.007937615
32 8.588820682440968 2.006081720531128 49.36882068244097 42.78608172053113 0.08862749100000045 0.24963273899999905 11.45017533
33 21.164251149814355 2.006081720531128 61.944251149814356 42.78608172053113 0.12296233399999856 0.3449746470000008 11.79092806
34 9.434071012900006 2.006081720531128 50.21407101290001 42.78608172053113 0.09700175699999924 0.34321037600000004 12.262327576
35 4.297446529340711 2.006081720531128 45.07744652934071 42.78608172053113 0.12704328700000111 0.9031494549999994 12.705225766
36 65.09265590199308 2.006081720531128 105.87265590199308 42.78608172053113 0.06597425899999898 0.17475657100000141 13.742512317
37 3.9430168454745527 2.006081720531128 44.723016845474554 42.78608172053113 0.0659655800000003 0.17478280999999996 13.98615652
38 7.095650613427736 2.006081720531128 47.87565061342774 42.78608172053113 0.06686966899999902 0.17517627199999986 14.229848854
39 52.99015205952898 2.006081720531128 93.77015205952898 42.78608172053113 0.06446978800000025 0.18411446600000048 14.475197414
40 11.608028379301928 2.006081720531128 52.38802837930193 42.78608172053113 0.13703664100000168 1.2804227239999992 14.726714024
41 14.797309068402434 2.006081720531128 55.577309068402435 42.78608172053113 0.13002710900000025 0.37420253100000167 16.147490993
42 24.922456066561125 2.006081720531128 65.70245606656113 42.78608172053113 0.09643905699999777 0.35102590300000003 16.654916013
43 4.989377154241474 2.006081720531128 45.769377154241475 42.78608172053113 0.09288678699999764 0.2718307469999992 17.104858154
44 13.474792903787176 2.006081720531128 54.25479290378718 42.78608172053113 0.11111581199999776 0.31158062100000095 17.472267457
45 27.008558576392318 2.006081720531128 67.78855857639232 42.78608172053113 0.10062900699999844 0.2753604379999999 17.897705048
46 5.9231231102667365 2.006081720531128 46.70312311026674 42.78608172053113 0.1096620399999999 0.2712588569999994 18.27729913
47 14.232530592429853 2.006081720531128 55.012530592429854 42.78608172053113 0.10954792300000094 0.35416018500000135 18.661268271
48 4.610538003222473 2.006081720531128 45.390538003222474 42.78608172053113 0.08759877900000035 0.32661677599999805 19.127622475
49 4.8440582360459885 2.006081720531128 45.62405823604599 42.78608172053113 0.12960892299999927 0.6323729339999993 19.544396354
50 21.120804532261943 2.006081720531128 61.900804532261944 42.78608172053113 0.13403652200000238 0.3780256360000003 20.309577048
51 12.012996582940595 2.006081720531128 52.792996582940596 42.78608172053113 0.12930191699999938 0.3743200449999975 20.825082938
52 6.043201433447798 2.006081720531128 46.8232014334478 42.78608172053113 0.13156466499999908 0.38287096999999903 21.331777998
53 19.417177346956947 2.006081720531128 60.19717734695695 42.78608172053113 0.12890176099999806 0.3802422750000005 21.850186459
54 15.852435824915446 2.006081720531128 56.63243582491545 42.78608172053113 0.1279293949999989 0.3811830130000011 22.362449236
55 5.993381386777159 2.006081720531128 46.77338138677716 42.78608172053113 0.13479530999999767 0.38233943599999876 22.874896593
56 18.609038580625565 2.006081720531128 59.38903858062557 42.78608172053113 0.12604834500000095 0.38250690799999987 23.395292178
57 19.217722776430094 2.006081720531128 59.997722776430095 42.78608172053113 0.14038531899999995 0.3933878530000001 23.90727562
58 19.714708548895175 2.006081720531128 60.494708548895176 42.78608172053113 0.2632715300000008 0.3820829329999995 24.444250739
59 10.131789000523888 2.006081720531128 50.91178900052389 42.78608172053113 0.10366833699999844 0.3230530970000025 25.092324701
60 34.724660562928534 2.006081720531128 75.50466056292854 42.78608172053113 0.09377925200000092 0.2688376350000006 25.52156814
61 8.637768439057048 2.006081720531128 49.41776843905705 42.78608172053113 0.08277839300000167 0.29645397000000173 25.886556007
62 28.979829064623104 2.006081720531128 69.7598290646231 42.78608172053113 0.09601509899999883 0.2440134890000003 26.268344802
63 15.20559170931837 2.006081720531128 55.98559170931837 42.78608172053113 0.08335714899999758 0.25537390500000257 26.610570441
64 8.39752612084532 2.006081720531128 49.17752612084532 42.78608172053113 0.07672310299999907 0.24288759499999912 26.951649519
65 13.718573942219578 2.006081720531128 54.49857394221958 42.78608172053113 0.08288844500000181 0.25743509400000164 27.273406898
66 0.443010828244752 0.443010828244752 41.22301082824475 41.22301082824475 0.07801638800000177 0.24296849099999918 27.616090958
67 30.790370830019242 0.443010828244752 71.57037083001924 41.22301082824475 0.11721089699999965 0.2525892669999976 27.939379652
68 18.828046652265982 0.443010828244752 59.60804665226598 41.22301082824475 0.08374188100000168 0.3375651859999991 28.311994845
69 7.684070615220243 0.443010828244752 48.464070615220244 41.22301082824475 0.07959255499999784 0.2440933790000024 28.735658482
70 28.095432950543653 0.443010828244752 68.87543295054365 41.22301082824475 0.07971075200000044 0.2482443829999994 29.061797502
