"function evaluation" "current f(x)" "best-so-far f(x)" "current af(x)+b" "best af(x)+b" acq_opt_time model_fit_time cum_iteration_time
1 81.16281855246419 81.16281855246419 79.5628185524642 79.5628185524642 None None None
2 78.46732149645659 78.46732149645659 76.8673214964566 76.8673214964566 None None None
3 73.112538826751 73.112538826751 71.51253882675101 71.51253882675101 None None None
4 79.66044733837757 73.112538826751 78.06044733837757 71.51253882675101 None None None
5 79.50293691713381 73.112538826751 77.90293691713381 71.51253882675101 None None None
6 84.94811580134363 73.112538826751 83.34811580134364 71.51253882675101 None None None
7 81.89339667406033 73.112538826751 80.29339667406033 71.51253882675101 None None None
8 55.31893241963612 55.31893241963612 53.71893241963612 53.71893241963612 None None None
9 80.0490501506577 55.31893241963612 78.44905015065771 53.71893241963612 None None None
10 85.92448042531858 55.31893241963612 84.32448042531858 53.71893241963612 None None None
11 86.54292864621 55.31893241963612 84.94292864621 53.71893241963612 0.188059054 0.19097637800000022 0
12 86.54292864621 55.31893241963612 84.94292864621 53.71893241963612 0.20860894800000018 0.2250228949999995 4.490548606
13 86.54292864621 55.31893241963612 84.94292864621 53.71893241963612 0.41785424399999993 0.2683136639999999 4.925775389
14 86.54292864621 55.31893241963612 84.94292864621 53.71893241963612 0.475139714 0.45101026499999985 5.625009088
15 86.54292864621 55.31893241963612 84.94292864621 53.71893241963612 0.6222236030000001 0.3806195749999999 6.552749021
16 86.54292864621 55.31893241963612 84.94292864621 53.71893241963612 0.5364762630000008 0.30639486599999977 7.557027472
17 86.54292864621 55.31893241963612 84.94292864621 53.71893241963612 0.5718759230000003 0.34135919799999925 8.401320766
18 86.54292864621 55.31893241963612 84.94292864621 53.71893241963612 0.2615322100000004 0.5307558199999995 9.315812557
19 86.54292864621 55.31893241963612 84.94292864621 53.71893241963612 0.328683744000001 0.5602413379999991 10.109582411
20 86.54292864621 55.31893241963612 84.94292864621 53.71893241963612 0.2876556239999992 0.5041251930000001 10.999651393
21 86.54292864621 55.31893241963612 84.94292864621 53.71893241963612 0.5187181229999993 0.5694299810000008 11.79254813
22 86.54292864621 55.31893241963612 84.94292864621 53.71893241963612 0.3027445329999985 0.5153742369999996 12.882170762
23 86.54292864621 55.31893241963612 84.94292864621 53.71893241963612 0.37453168799999936 0.5839698230000003 13.701751862
24 86.54292864621 55.31893241963612 84.94292864621 53.71893241963612 0.363997715 0.6208307200000007 14.661650141
25 86.54292864621 55.31893241963612 84.94292864621 53.71893241963612 0.38195724299999867 0.5344022580000001 15.648000862
26 86.54292864621 55.31893241963612 84.94292864621 53.71893241963612 0.23495419600000034 0.5929942389999994 16.565692948
27 86.54292864621 55.31893241963612 84.94292864621 53.71893241963612 0.4650806799999998 1.0839459829999996 17.394942115
28 86.54292864621 55.31893241963612 84.94292864621 53.71893241963612 0.2477504219999993 0.3268872819999977 18.945568106
29 86.54292864621 55.31893241963612 84.94292864621 53.71893241963612 0.3257375909999993 0.32381477599999897 19.52191915
30 86.54292864621 55.31893241963612 84.94292864621 53.71893241963612 0.20985614199999958 0.2837797000000002 20.172920915
31 86.54292864621 55.31893241963612 84.94292864621 53.71893241963612 0.21049141299999974 0.27443832200000173 20.668100103
32 86.54292864621 55.31893241963612 84.94292864621 53.71893241963612 0.20696478399999663 0.2833076880000007 21.154410471
33 86.54292864621 55.31893241963612 84.94292864621 53.71893241963612 0.30286969699999844 0.3001137430000007 21.646173752
34 86.54292864621 55.31893241963612 84.94292864621 53.71893241963612 0.20835302100000064 0.26809509799999987 22.250571044
35 86.54292864621 55.31893241963612 84.94292864621 53.71893241963612 0.21326770199999956 0.26875301200000123 22.728400662
36 86.54292864621 55.31893241963612 84.94292864621 53.71893241963612 0.3228799630000019 0.325028949 23.212024829
37 86.54292864621 55.31893241963612 84.94292864621 53.71893241963612 0.2687183389999994 0.6049149679999992 23.861445048
38 86.54292864621 55.31893241963612 84.94292864621 53.71893241963612 0.3138213989999983 0.33335604299999844 24.736499762
39 86.54292864621 55.31893241963612 84.94292864621 53.71893241963612 0.22008309199999943 0.28436011200000166 25.385321906
40 86.54292864621 55.31893241963612 84.94292864621 53.71893241963612 0.21887543700000123 0.28719905299999837 25.891292225
41 86.54292864621 55.31893241963612 84.94292864621 53.71893241963612 0.22319920199999999 0.28263125000000144 26.398975687
42 86.54292864621 55.31893241963612 84.94292864621 53.71893241963612 0.31122862499999826 0.31733321400000136 26.90655609
43 86.54292864621 55.31893241963612 84.94292864621 53.71893241963612 0.3270469449999993 0.6397598450000004 27.536670976
44 86.54292864621 55.31893241963612 84.94292864621 53.71893241963612 0.3190577129999994 0.7104965350000008 28.504674488
45 86.54292864621 55.31893241963612 84.94292864621 53.71893241963612 0.21171373399999993 0.32854311499999866 29.536098909
46 86.54292864621 55.31893241963612 84.94292864621 53.71893241963612 0.31150723299999683 0.3047651420000008 30.077930837
47 86.54292864621 55.31893241963612 84.94292864621 53.71893241963612 0.3110157849999986 0.30415627300000025 30.695653173
48 86.54292864621 55.31893241963612 84.94292864621 53.71893241963612 0.32765397700000065 0.6136317410000025 31.312502418
49 86.54292864621 55.31893241963612 84.94292864621 53.71893241963612 0.2303628530000026 0.337021177000004 32.255286182
50 86.54292864621 55.31893241963612 84.94292864621 53.71893241963612 0.31063354000000487 0.3083252590000001 32.824141499
51 86.54292864621 55.31893241963612 84.94292864621 53.71893241963612 0.31341812500000543 0.31423923699999534 33.44452659
52 86.54292864621 55.31893241963612 84.94292864621 53.71893241963612 0.26220401399999815 0.5141686659999962 34.073651045
53 86.54292864621 55.31893241963612 84.94292864621 53.71893241963612 0.3108120569999997 0.3253819480000004 34.851393818
54 86.54292864621 55.31893241963612 84.94292864621 53.71893241963612 0.3547877700000015 0.348073749000001 35.48910974
55 86.54292864621 55.31893241963612 84.94292864621 53.71893241963612 0.2132588449999986 0.39646349899999933 36.193441583
56 86.54292864621 55.31893241963612 84.94292864621 53.71893241963612 0.21270030399999484 0.28217327899999844 36.804586721
57 86.54292864621 55.31893241963612 84.94292864621 53.71893241963612 0.2160274599999994 0.28037354500000333 37.30092933
58 86.54292864621 55.31893241963612 84.94292864621 53.71893241963612 0.22549070699999874 0.30383184600000135 37.798891792
59 86.54292864621 55.31893241963612 84.94292864621 53.71893241963612 0.33268119800000306 0.34591524700000065 38.329708299
60 86.54292864621 55.31893241963612 84.94292864621 53.71893241963612 0.5805714950000009 0.5427249569999972 39.009811439
61 86.54292864621 55.31893241963612 84.94292864621 53.71893241963612 0.499149727999999 1.2070468670000025 40.1346671
62 86.54292864621 55.31893241963612 84.94292864621 53.71893241963612 0.3468503169999977 4.177492851000004 41.842439291
63 86.54292864621 55.31893241963612 84.94292864621 53.71893241963612 0.20439766599999842 0.3008369160000015 46.36802661
64 86.54292864621 55.31893241963612 84.94292864621 53.71893241963612 0.3089159849999987 0.29351716200000055 46.874645329
65 86.54292864621 55.31893241963612 84.94292864621 53.71893241963612 0.3090756670000019 0.3088791569999998 47.47843432
66 86.54292864621 55.31893241963612 84.94292864621 53.71893241963612 0.21454074800000456 0.27889854400000047 48.097805499
67 86.54292864621 55.31893241963612 84.94292864621 53.71893241963612 0.22303656200000432 0.28806975900000253 48.592653649
68 86.54292864621 55.31893241963612 84.94292864621 53.71893241963612 0.5383837560000018 0.29269122699999883 49.105283095
69 86.54292864621 55.31893241963612 84.94292864621 53.71893241963612 0.21845293500000196 0.3370133730000049 49.937825931
70 86.54292864621 55.31893241963612 84.94292864621 53.71893241963612 0.21559661300000244 0.2830487579999996 50.494718362
71 86.54292864621 55.31893241963612 84.94292864621 53.71893241963612 0.2251552240000052 0.3749829999999932 50.99481204
72 86.54292864621 55.31893241963612 84.94292864621 53.71893241963612 0.32652590300000384 0.32901719900000614 51.596330636
73 86.54292864621 55.31893241963612 84.94292864621 53.71893241963612 0.22507795199999947 0.29292003599999816 52.253399445
74 86.54292864621 55.31893241963612 84.94292864621 53.71893241963612 0.4562082969999963 0.3021528259999968 52.773020667
75 86.54292864621 55.31893241963612 84.94292864621 53.71893241963612 0.3629136689999939 0.5642482720000004 53.534748345
76 86.54292864621 55.31893241963612 84.94292864621 53.71893241963612 0.2223167289999992 0.3221688389999997 54.463501821
77 86.54292864621 55.31893241963612 84.94292864621 53.71893241963612 0.23138887399999675 0.29129992899999735 55.009414031
78 86.54292864621 55.31893241963612 84.94292864621 53.71893241963612 0.2791761609999952 0.3069262030000033 55.533580343
79 86.54292864621 55.31893241963612 84.94292864621 53.71893241963612 0.32594746600000235 0.332280652999998 56.121769303
80 86.54292864621 55.31893241963612 84.94292864621 53.71893241963612 0.4832561219999931 0.9109563470000026 56.781391605
81 86.54292864621 55.31893241963612 84.94292864621 53.71893241963612 0.23250640100000197 0.8581480359999958 58.178831831
82 86.54292864621 55.31893241963612 84.94292864621 53.71893241963612 0.22771063300000094 0.2846121789999998 59.270741887
83 86.54292864621 55.31893241963612 84.94292864621 53.71893241963612 0.31926072400000294 0.3209956979999973 59.784575546
84 86.54292864621 55.31893241963612 84.94292864621 53.71893241963612 0.2423490930000014 0.39305802399999834 60.426236672
85 86.54292864621 55.31893241963612 84.94292864621 53.71893241963612 0.22562381200000203 0.3003678060000041 61.063101417
86 86.54292864621 55.31893241963612 84.94292864621 53.71893241963612 0.23396091800000107 0.2975510690000007 61.590604299
87 86.54292864621 55.31893241963612 84.94292864621 53.71893241963612 0.3434533920000007 0.46726503200000025 62.123509787
88 86.54292864621 55.31893241963612 84.94292864621 53.71893241963612 0.3359113009999959 0.4476343139999983 62.935723176
89 86.54292864621 55.31893241963612 84.94292864621 53.71893241963612 0.3811654880000077 0.3913357899999994 63.720899453
90 86.54292864621 55.31893241963612 84.94292864621 53.71893241963612 0.32992379499999913 0.4059334270000079 64.49490797
91 86.54292864621 55.31893241963612 84.94292864621 53.71893241963612 0.3312575199999941 0.336256517999999 65.232401391
92 86.54292864621 55.31893241963612 84.94292864621 53.71893241963612 0.2426292610000047 0.3146864959999931 65.901390663
93 86.54292864621 55.31893241963612 84.94292864621 53.71893241963612 0.3322810939999954 0.34954452000000913 66.460186167
94 86.54292864621 55.31893241963612 84.94292864621 53.71893241963612 0.33827447600000937 0.3476484400000004 67.14345866
95 86.54292864621 55.31893241963612 84.94292864621 53.71893241963612 0.6067322279999985 0.35705405400000245 67.831085365
96 86.54292864621 55.31893241963612 84.94292864621 53.71893241963612 0.40622916099999884 3.1946131509999987 68.796021543
97 86.54292864621 55.31893241963612 84.94292864621 53.71893241963612 0.22503879499998902 0.2941802170000045 72.398498391
98 86.54292864621 55.31893241963612 84.94292864621 53.71893241963612 0.22580676800001243 0.6241597080000076 72.919111347
99 86.54292864621 55.31893241963612 84.94292864621 53.71893241963612 0.356556432000005 0.3456124410000001 73.770617163
100 86.54292864621 55.31893241963612 84.94292864621 53.71893241963612 0.5201632730000085 0.3423399979999999 74.474386387
101 86.54292864621 55.31893241963612 84.94292864621 53.71893241963612 0.4427289289999976 3.4283548679999996 75.338376982
102 86.54292864621 55.31893241963612 84.94292864621 53.71893241963612 0.46493868599999644 0.6038368130000009 79.211021885
103 86.54292864621 55.31893241963612 84.94292864621 53.71893241963612 0.6982069649999971 0.676002928999992 80.281258447
104 86.54292864621 55.31893241963612 84.94292864621 53.71893241963612 0.4297721890000048 0.6809608970000056 81.657159401
105 86.54292864621 55.31893241963612 84.94292864621 53.71893241963612 0.2816415649999868 9.068066608999999 82.769435206
106 86.54292864621 55.31893241963612 84.94292864621 53.71893241963612 0.23854575100000375 0.2954523580000057 92.120570077
107 86.54292864621 55.31893241963612 84.94292864621 53.71893241963612 0.23500360900000317 0.30437603000000024 92.65600689
108 86.54292864621 55.31893241963612 84.94292864621 53.71893241963612 0.2416101459999993 0.3138328149999978 93.19684891
109 86.54292864621 55.31893241963612 84.94292864621 53.71893241963612 0.36234432899999547 0.36092931899999314 93.753978082
110 86.54292864621 55.31893241963612 84.94292864621 53.71893241963612 0.3753125210000121 0.35555337699999257 94.478847769
111 86.54292864621 55.31893241963612 84.94292864621 53.71893241963612 0.4715563070000002 0.4878131130000014 95.211222238
112 86.54292864621 55.31893241963612 84.94292864621 53.71893241963612 0.7352838820000045 0.6893641170000109 96.171875446
113 86.54292864621 55.31893241963612 84.94292864621 53.71893241963612 0.5086063229999951 0.7592595039999992 97.598063776
114 86.54292864621 55.31893241963612 84.94292864621 53.71893241963612 0.28297777999999596 0.7059098280000029 98.867602902
115 86.54292864621 55.31893241963612 84.94292864621 53.71893241963612 0.3331527520000037 2.9132658249999963 99.858030733
116 86.54292864621 55.31893241963612 84.94292864621 53.71893241963612 0.22831969099999583 0.328913263000004 103.105922126
117 86.54292864621 55.31893241963612 84.94292864621 53.71893241963612 0.3144137849999993 2.4744560279999916 103.664657797
118 86.54292864621 55.31893241963612 84.94292864621 53.71893241963612 0.3675055270000058 0.33970729800000754 106.454903224
119 86.54292864621 55.31893241963612 84.94292864621 53.71893241963612 0.23697473100000366 0.32397064900000316 107.163541404
120 86.54292864621 55.31893241963612 84.94292864621 53.71893241963612 0.2452989720000005 0.34001290999999867 107.725909016
121 86.54292864621 55.31893241963612 84.94292864621 53.71893241963612 0.4994503589999937 0.5989371529999943 108.312650586
122 86.54292864621 55.31893241963612 84.94292864621 53.71893241963612 0.4727293400000008 9.758177774000004 109.412544544
123 86.54292864621 55.31893241963612 84.94292864621 53.71893241963612 0.2515904659999961 1.0202476870000083 119.645091451
124 86.54292864621 55.31893241963612 84.94292864621 53.71893241963612 0.2557473820000098 0.3491922609999989 120.91870696
125 86.54292864621 55.31893241963612 84.94292864621 53.71893241963612 0.2664631319999984 0.37301023899999564 121.525142138
126 86.54292864621 55.31893241963612 84.94292864621 53.71893241963612 0.2680235400000015 0.3407575779999945 122.166284127
127 86.54292864621 55.31893241963612 84.94292864621 53.71893241963612 0.36825808099999335 0.41551954000000535 122.776548581
128 86.54292864621 55.31893241963612 84.94292864621 53.71893241963612 0.26262775600000055 0.3683696920000017 123.561815184
129 86.54292864621 55.31893241963612 84.94292864621 53.71893241963612 0.26576363600000263 0.34557154600000217 124.194284708
130 86.54292864621 55.31893241963612 84.94292864621 53.71893241963612 0.2561449109999927 0.35500414300000216 124.807315864
131 86.54292864621 55.31893241963612 84.94292864621 53.71893241963612 0.2636089140000024 0.4043633339999957 125.419938743
132 86.54292864621 55.31893241963612 84.94292864621 53.71893241963612 0.274919213000004 0.3886347260000065 126.089406313
133 86.54292864621 55.31893241963612 84.94292864621 53.71893241963612 0.27428129300000137 0.35901423900000395 126.7546358
134 86.54292864621 55.31893241963612 84.94292864621 53.71893241963612 0.266940811000012 0.3642647069999896 127.389490811
135 86.54292864621 55.31893241963612 84.94292864621 53.71893241963612 0.3780793790000132 0.37834505200001445 128.022318149
136 86.54292864621 55.31893241963612 84.94292864621 53.71893241963612 0.2848612759999867 0.45072849400000337 128.780247812
137 86.54292864621 55.31893241963612 84.94292864621 53.71893241963612 0.38585007700001483 0.40741089200000147 129.517458984
138 86.54292864621 55.31893241963612 84.94292864621 53.71893241963612 0.3065197630000114 0.35045567700001357 130.312244202
139 86.54292864621 55.31893241963612 84.94292864621 53.71893241963612 0.27264647200001946 0.3590452649999918 130.97084311
140 86.54292864621 55.31893241963612 84.94292864621 53.71893241963612 0.27776071200000274 0.41666884399998594 131.604279166
141 86.54292864621 55.31893241963612 84.94292864621 53.71893241963612 0.37776632799997856 0.489998939000003 132.300465073
142 86.54292864621 55.31893241963612 84.94292864621 53.71893241963612 0.27090680400002043 0.35810925600000587 133.169822866
143 86.54292864621 55.31893241963612 84.94292864621 53.71893241963612 0.26833732099998997 0.3529739310000082 133.800435305
144 86.54292864621 55.31893241963612 84.94292864621 53.71893241963612 0.38925778799998056 0.5273386739999921 134.423326672
145 86.54292864621 55.31893241963612 84.94292864621 53.71893241963612 0.2790854819999993 0.3743074330000127 135.341611925
146 86.54292864621 55.31893241963612 84.94292864621 53.71893241963612 0.2732719290000034 0.4238624649999849 135.996668852
147 86.54292864621 55.31893241963612 84.94292864621 53.71893241963612 0.28752096900001334 0.4178365960000008 136.695425295
148 86.54292864621 55.31893241963612 84.94292864621 53.71893241963612 0.2734504910000055 0.4599271859999874 137.402647022
149 86.54292864621 55.31893241963612 84.94292864621 53.71893241963612 0.4950841240000159 0.3691527340000107 138.137523489
150 86.54292864621 55.31893241963612 84.94292864621 53.71893241963612 0.5820869730000027 0.8089971180000077 139.003341574
