"function evaluation" "current f(x)" "best-so-far f(x)" "current af(x)+b" "best af(x)+b" acq_opt_time model_fit_time cum_iteration_time
1 1507.36311924254 1507.36311924254 1462.59311924254 1462.59311924254 None None None
2 312.70611362136924 312.70611362136924 267.93611362136926 267.93611362136926 None None None
3 1504.7893246619883 312.70611362136924 1460.0193246619883 267.93611362136926 None None None
4 1001.1457550245227 312.70611362136924 956.3757550245227 267.93611362136926 None None None
5 1940.0650595538318 312.70611362136924 1895.2950595538318 267.93611362136926 None None None
6 1617.6585799804157 312.70611362136924 1572.8885799804157 267.93611362136926 None None None
7 737.2436495349743 312.70611362136924 692.4736495349744 267.93611362136926 None None None
8 649.1561335425664 312.70611362136924 604.3861335425664 267.93611362136926 None None None
9 584.8762402390955 312.70611362136924 540.1062402390955 267.93611362136926 None None None
10 1593.302449545831 312.70611362136924 1548.532449545831 267.93611362136926 None None None
11 2350.902645314166 312.70611362136924 2306.132645314166 267.93611362136926 0.19622804100000035 0.04773158500000019 0
12 780.0115593620703 312.70611362136924 735.2415593620703 267.93611362136926 0.5556431530000001 0.21421299400000038 4.421650975
13 1506.462086621524 312.70611362136924 1461.692086621524 267.93611362136926 0.5023008759999996 0.218522074 5.192745723
14 1060.8733998899036 312.70611362136924 1016.1033998899036 267.93611362136926 0.5271631719999998 0.24699582600000003 5.914771857
15 376.7142690322222 312.70611362136924 331.9442690322222 267.93611362136926 0.5284415070000001 0.2961083320000002 6.690319935
16 882.1707711669361 312.70611362136924 837.4007711669361 267.93611362136926 0.6003132250000007 0.26194891200000026 7.51628063
17 2344.897579291934 312.70611362136924 2300.127579291934 267.93611362136926 0.5571629639999998 0.2850925479999997 8.380007361
18 1782.468147647835 312.70611362136924 1737.698147647835 267.93611362136926 0.3784214290000012 0.4483330040000002 9.223732569
19 422.08171980872385 312.70611362136924 377.31171980872386 267.93611362136926 0.2883151489999989 0.5968232170000007 10.051902276
20 485.12268945414877 312.70611362136924 440.3526894541488 267.93611362136926 0.353841752000001 0.5330831029999992 10.938630405
21 607.832860394243 312.70611362136924 563.062860394243 267.93611362136926 0.3662947460000012 0.6105045369999988 11.82686618
22 651.1021855595513 312.70611362136924 606.3321855595514 267.93611362136926 0.3409392639999993 0.5614437929999987 12.805098667
23 891.0509117293071 312.70611362136924 846.2809117293071 267.93611362136926 0.34796607500000043 0.592961549 13.709078413
24 596.9350498101485 312.70611362136924 552.1650498101485 267.93611362136926 0.3715512469999993 0.460057707999999 14.651481247
25 370.00524001796975 312.70611362136924 325.2352400179698 267.93611362136926 0.29713131199999765 0.5623500690000007 15.484514847
26 1134.2936820451912 312.70611362136924 1089.5236820451912 267.93611362136926 0.47003682700000127 0.5879498709999993 16.345484958
27 1443.3716851043532 312.70611362136924 1398.6016851043532 267.93611362136926 0.29683491299999787 0.5199927570000007 17.404995441
28 946.5649146784509 312.70611362136924 901.7949146784509 267.93611362136926 1.136410294000001 1.5277500890000013 18.223408752
29 1027.4108484080714 312.70611362136924 982.6408484080714 267.93611362136926 0.635951077999998 0.9317658639999991 20.889825716
30 859.8067994780085 312.70611362136924 815.0367994780086 267.93611362136926 0.31069649000000155 0.5207989669999975 22.458840939
31 737.4748552932593 312.70611362136924 692.7048552932594 267.93611362136926 0.8354989190000026 0.6575265829999992 23.291857938
32 773.9684285742657 312.70611362136924 729.1984285742657 267.93611362136926 0.2052927209999993 0.8365308519999992 24.786502018
33 448.40801741396507 312.70611362136924 403.6380174139651 267.93611362136926 0.8157508580000012 1.297639254 25.829611623
34 931.9251368062114 312.70611362136924 887.1551368062114 267.93611362136926 0.36685101300000156 1.2554450339999974 27.943875733
35 596.6929547240321 312.70611362136924 551.9229547240321 267.93611362136926 0.4523674700000022 0.6084027359999986 29.567491737
36 382.18090877381076 312.70611362136924 337.4109087738108 267.93611362136926 0.32043764300000177 0.3824183949999984 30.62940126
37 503.2074706649614 312.70611362136924 458.43747066496144 267.93611362136926 0.3668485629999978 0.4981825620000002 31.333285501
38 742.5392127284313 312.70611362136924 697.7692127284313 267.93611362136926 0.45086724200000106 0.6610684440000014 32.199426442
39 428.55185055406366 312.70611362136924 383.7818505540637 267.93611362136926 0.31061072199999984 0.5772363159999969 33.31244236
40 543.1233584801362 312.70611362136924 498.3533584801362 267.93611362136926 0.310985223000003 0.6897476010000005 34.201699957
41 640.6218337349037 312.70611362136924 595.8518337349037 267.93611362136926 0.370215494 0.6427173199999956 35.204569484
42 328.787184453747 312.70611362136924 284.017184453747 267.93611362136926 0.8426534859999961 0.7613294529999948 36.21919036
43 520.3202935458207 312.70611362136924 475.55029354582075 267.93611362136926 0.37365316799999704 0.5987057890000003 37.824686616
44 1781.3908368898842 312.70611362136924 1736.6208368898842 267.93611362136926 0.5272628429999955 1.1294813820000016 38.798454225
45 1354.3422633129967 312.70611362136924 1309.5722633129967 267.93611362136926 0.5940979319999968 0.4704411129999997 40.456443739
46 261.86200407297923 261.86200407297923 217.09200407297922 217.09200407297922 0.45158528199999637 1.3363129370000024 41.522454987
47 472.12931825927024 261.86200407297923 427.35931825927025 217.09200407297922 0.8571487419999997 0.9335836439999952 43.311634949
48 491.8180174354303 261.86200407297923 447.0480174354303 217.09200407297922 0.6497193840000008 2.301856614000002 45.103527471
49 525.8427248294522 261.86200407297923 481.0727248294522 217.09200407297922 0.1755471200000045 0.402589552000002 48.056498796
50 841.0791012897623 261.86200407297923 796.3091012897623 217.09200407297922 0.6025817490000023 0.5642962920000016 48.635879835
51 690.3406085200006 261.86200407297923 645.5706085200006 217.09200407297922 0.45940452300000345 5.8259906760000035 49.806705689
52 343.7660878576265 261.86200407297923 298.9960878576265 217.09200407297922 0.5925201400000049 0.4290154740000034 56.093345263
53 726.9183406336891 261.86200407297923 682.1483406336891 217.09200407297922 0.4911459100000002 0.8661564129999988 57.115710913
54 900.80317200319 261.86200407297923 856.03317200319 217.09200407297922 0.5402086860000068 0.7384162150000009 58.47758189
55 232.109089385386 232.109089385386 187.339089385386 187.339089385386 1.1167671830000003 0.8310668279999973 59.766561071
56 493.4766538652877 232.109089385386 448.7066538652877 187.339089385386 0.7385194330000004 0.8197145030000001 61.715999134
57 1288.4949456750444 232.109089385386 1243.7249456750444 187.339089385386 0.2014062559999985 0.2989936259999979 63.275583375
58 422.1790838857004 232.109089385386 377.4090838857004 187.339089385386 0.20193845699999713 0.26589760200000256 63.777326094
59 383.65302359398106 232.109089385386 338.8830235939811 187.339089385386 0.21762546400000815 0.28689012800001024 64.246498041
60 480.68600153213595 232.109089385386 435.91600153213597 187.339089385386 0.4900858250000084 0.6266351640000067 64.752349327
61 525.6426772634254 232.109089385386 480.87267726342543 187.339089385386 0.9421058789999961 1.369406373000004 65.870478635
62 144.39868307301435 144.39868307301435 99.62868307301434 99.62868307301434 0.4741584829999965 1.0873113140000044 68.184148857
63 299.54807514313904 144.39868307301435 254.77807514313903 99.62868307301434 0.532559323000001 3.556978200000003 69.746730918
64 374.7979284754337 144.39868307301435 330.0279284754337 99.62868307301434 0.3429627750000037 0.5494661719999954 73.837606838
65 216.15862372875563 144.39868307301435 171.38862372875562 99.62868307301434 0.509158296999999 1.123380326000003 74.733463634
66 1042.851491894969 144.39868307301435 998.0814918949691 99.62868307301434 0.35376155100000517 1.01313767500001 76.367121442
67 654.6518002413828 144.39868307301435 609.8818002413828 99.62868307301434 0.37868920100000025 4.113823339999996 77.735161961
68 674.3063050681335 144.39868307301435 629.5363050681335 99.62868307301434 0.4728189660000055 1.6863439429999971 82.229156916
69 356.1830675160292 144.39868307301435 311.41306751602923 99.62868307301434 0.6780647500000043 1.4457031489999963 84.389745342
70 596.9422419456837 144.39868307301435 552.1722419456837 99.62868307301434 0.6331075209999995 1.0386734840000003 86.534581493
71 525.2982255184211 144.39868307301435 480.5282255184211 99.62868307301434 0.2251540519999935 0.8482302560000079 88.207546973
72 358.39595097398836 144.39868307301435 313.6259509739884 99.62868307301434 0.5185890070000028 3.2117421970000066 89.282407342
73 525.9616206685935 144.39868307301435 481.1916206685935 99.62868307301434 0.7174816200000009 0.7270995909999982 93.014123724
74 527.5147762446401 144.39868307301435 482.7447762446401 99.62868307301434 0.3522303399999913 0.9891035180000074 94.459990119
75 621.7160914025455 144.39868307301435 576.9460914025456 99.62868307301434 0.396972372999997 0.6013534469999939 95.802372308
76 335.6006982514178 144.39868307301435 290.8306982514178 99.62868307301434 0.535320377000005 1.4117885330000064 96.80188521
77 734.5565419831513 144.39868307301435 689.7865419831513 99.62868307301434 0.2146980979999995 1.0788037129999992 98.750147848
78 510.0615904517482 144.39868307301435 465.2915904517482 99.62868307301434 0.3656146249999921 0.7130157410000066 100.04515692
79 186.50947787302414 144.39868307301435 141.73947787302413 99.62868307301434 0.6889724779999966 1.1819051330000008 101.126457422
80 657.7303923070983 144.39868307301435 612.9603923070983 99.62868307301434 0.5009689110000011 1.2235621030000061 103.005067062
81 419.5430255942889 144.39868307301435 374.7730255942889 99.62868307301434 0.5225715090000023 0.504921667000005 104.731110189
82 635.7228290727197 144.39868307301435 590.9528290727197 99.62868307301434 0.23229428800000562 0.32276183800000524 105.760453691
83 318.3320193378273 144.39868307301435 273.56201933782734 99.62868307301434 0.3234299300000032 0.3306913919999914 106.317054073
84 719.4118640440068 144.39868307301435 674.6418640440069 99.62868307301434 0.243963633000007 0.29836296099999515 106.972598462
85 364.38915009795494 144.39868307301435 319.61915009795496 99.62868307301434 0.23497976200000892 0.304689953999997 107.516532681
86 448.9126432361153 144.39868307301435 404.1426432361153 99.62868307301434 0.2407178960000067 0.3064822230000033 108.057699144
87 263.2115409505795 144.39868307301435 218.44154095057948 99.62868307301434 0.9580424140000048 0.495611585000006 108.606299623
88 702.3840268803363 144.39868307301435 657.6140268803363 99.62868307301434 0.4832053300000041 0.7189568530000088 110.06128456
89 624.2762232695819 144.39868307301435 579.5062232695819 99.62868307301434 0.32706464599999663 0.6793871859999996 111.265105668
90 392.99076577998596 144.39868307301435 348.220765779986 99.62868307301434 0.32318691500000796 0.33531357300000764 112.272949294
91 309.01895098832256 144.39868307301435 264.2489509883226 99.62868307301434 0.2378205370000046 0.3069904219999984 112.932789352
92 998.8327133405364 144.39868307301435 954.0627133405364 99.62868307301434 0.24899341500000105 0.3099581889999996 113.479364308
93 369.0139669617977 144.39868307301435 324.2439669617977 99.62868307301434 0.34238816100000236 0.35209034099999315 114.039721724
94 285.45618101739336 144.39868307301435 240.68618101739335 99.62868307301434 0.8423900869999983 0.6264128629999988 114.735760484
95 283.4539136987412 144.39868307301435 238.68391369874118 99.62868307301434 0.4667950239999925 1.282856965999997 116.205374969
96 676.229899916877 144.39868307301435 631.459899916877 99.62868307301434 0.22461718999998936 1.1858785449999942 117.956461833
97 552.8258522599101 144.39868307301435 508.0558522599101 99.62868307301434 0.19806252200000074 2.418111136999997 119.368296075
98 266.6950882364764 144.39868307301435 221.9250882364764 99.62868307301434 0.5798620460000024 0.2714724119999943 121.985795603
99 200.4124107498489 144.39868307301435 155.6424107498489 99.62868307301434 0.22061768999999742 0.28658760599999766 122.838727631
100 254.16365919889594 144.39868307301435 209.39365919889593 99.62868307301434 0.31943823600001053 0.32935217399999317 123.347324939
101 225.69375994767796 144.39868307301435 180.92375994767795 99.62868307301434 0.23566896200000542 0.31173363499999596 123.997513697
102 442.6970567031803 144.39868307301435 397.9270567031803 99.62868307301434 0.28137440300000094 0.3199528950000001 124.546654016
103 310.49037665498827 144.39868307301435 265.7203766549883 99.62868307301434 0.24411907000001065 0.361533584 125.149928608
104 387.3084831944526 144.39868307301435 342.5384831944526 99.62868307301434 0.33984895099999335 0.35183838599999717 125.75709836
105 842.6475910914687 144.39868307301435 797.8775910914687 99.62868307301434 0.23788178800000992 0.3212403410000064 126.450312912
106 664.4346790405217 144.39868307301435 619.6646790405217 99.62868307301434 0.24871473999999694 0.34217469700000436 127.010835229
107 579.6861613127169 144.39868307301435 534.9161613127169 99.62868307301434 0.24264234900000758 0.3363382020000074 127.603276025
108 316.64600114187647 144.39868307301435 271.8760011418765 99.62868307301434 0.33775776200002383 0.3548105229999976 128.183696821
109 261.01016088648134 144.39868307301435 216.24016088648133 99.62868307301434 1.2242192289999991 0.33190569200002074 128.877665958
110 385.41618726416436 144.39868307301435 340.6461872641644 99.62868307301434 1.1530179389999944 1.345374334000013 130.436198491
111 546.2412182659675 144.39868307301435 501.47121826596754 99.62868307301434 1.0216974479999976 0.8551179380000065 132.93613505
112 405.0071015434557 144.39868307301435 360.2371015434557 99.62868307301434 0.5520173769999985 0.6952639100000226 134.814531811
113 412.5053076893086 144.39868307301435 367.7353076893086 99.62868307301434 0.5816974969999933 0.7149603619999993 136.064159301
114 229.25506505395674 144.39868307301435 184.48506505395673 99.62868307301434 1.3940892669999982 1.1324244640000245 137.362627617
115 496.91060203349576 144.39868307301435 452.1406020334958 99.62868307301434 1.2279658090000112 1.5510505590000037 139.891261933
116 311.31230684124705 144.39868307301435 266.54230684124707 99.62868307301434 0.8611360060000095 2.1454223339999885 142.671751081
117 321.66610079212313 144.39868307301435 276.89610079212315 99.62868307301434 0.25796871800000076 1.364245292000021 145.679686951
118 390.3809089027514 144.39868307301435 345.6109089027514 99.62868307301434 0.7238322149999874 8.253550355000016 147.303383832
119 331.74405444275624 144.39868307301435 286.97405444275626 99.62868307301434 2.025426376000013 1.1368837530000064 156.282366052
120 861.9762273119985 144.39868307301435 817.2062273119985 99.62868307301434 0.7978442659999985 2.392974530999993 159.446577919
121 370.9365508153389 144.39868307301435 326.1665508153389 99.62868307301434 1.8544241790000058 1.2610838139999885 162.63963822
122 120.99530727306572 120.99530727306572 76.22530727306571 76.22530727306571 1.2013542520000158 1.4192248169999857 165.763944332
123 251.90169431961505 120.99530727306572 207.13169431961504 76.22530727306571 0.44888907800000766 0.7229440219999788 168.385843024
124 234.26292366430263 120.99530727306572 189.49292366430262 76.22530727306571 0.4110860399999865 2.631375193999986 169.558866349
125 509.21897017299153 120.99530727306572 464.44897017299155 76.22530727306571 1.930318437000011 1.6935972999999933 172.603491513
126 750.5075246665347 120.99530727306572 705.7375246665347 76.22530727306571 1.7392207620000022 1.5131010519999961 176.228683711
127 207.85848918165777 120.99530727306572 163.08848918165776 76.22530727306571 0.42469143299999246 1.5087351790000127 179.484979479
128 209.14096971858172 120.99530727306572 164.3709697185817 76.22530727306571 0.9953260449999846 6.389956178999995 181.420346537
129 675.7832341278177 120.99530727306572 631.0132341278177 76.22530727306571 1.3805605219999961 1.2137378109999872 188.809536854
130 816.0449759847255 120.99530727306572 771.2749759847255 76.22530727306571 2.5582978090000097 0.9987924860000135 191.4053018
131 331.1418273882666 120.99530727306572 286.37182738826664 76.22530727306571 0.4271056940000051 0.9934236590000012 194.966542958
132 266.61356228589744 120.99530727306572 221.84356228589743 76.22530727306571 1.8093976410000039 0.9566664419999995 196.388389004
133 340.3035028561385 120.99530727306572 295.5335028561385 76.22530727306571 0.9827515759999983 1.8724228529999891 199.16302748
134 430.22171817359333 120.99530727306572 385.45171817359335 76.22530727306571 1.9381527790000064 1.9287539240000058 202.019695676
135 533.087256373162 120.99530727306572 488.31725637316197 76.22530727306571 0.7567172610000057 1.614436450999989 205.888194377
136 467.9369508075047 120.99530727306572 423.1669508075047 76.22530727306571 1.1947650370000247 6.010476539999985 208.262037587
137 529.2709978864882 120.99530727306572 484.5009978864882 76.22530727306571 0.567996906000019 0.9236869490000004 215.468450885
138 517.4754561466519 120.99530727306572 472.70545614665195 76.22530727306571 1.072813888000013 0.8048902379999845 216.961763549
139 499.3430124426419 120.99530727306572 454.5730124426419 76.22530727306571 0.797945354999996 0.7340221170000234 218.841116732
140 301.08794598787443 120.99530727306572 256.31794598787445 76.22530727306571 0.6543336519999912 0.9666144359999862 220.37431496
141 1421.4147416162596 120.99530727306572 1376.6447416162596 76.22530727306571 0.45943121799999176 0.7316280170000198 221.996555777
142 207.42826329283855 120.99530727306572 162.65826329283854 76.22530727306571 1.5752280810000059 7.146413464000005 223.188709219
143 330.140036483469 120.99530727306572 285.370036483469 76.22530727306571 0.8967848529999856 1.4103303670000003 231.911705165
144 1560.2893013098708 120.99530727306572 1515.5193013098708 76.22530727306571 0.9690838250000127 1.2299525919999894 234.220327157
145 718.7420889577545 120.99530727306572 673.9720889577545 76.22530727306571 0.5640338180000128 1.135948696000014 236.420844574
146 496.93712589400536 120.99530727306572 452.1671258940054 76.22530727306571 0.3869910499999776 0.48084065599999803 238.122559363
147 522.6128798099649 120.99530727306572 477.84287980996487 76.22530727306571 1.4169545150000147 1.0250865259999955 238.991938331
148 218.98080530276877 120.99530727306572 174.21080530276876 76.22530727306571 0.8745164540000019 1.24907896900001 241.435387313
149 332.7928139190788 120.99530727306572 288.0228139190788 76.22530727306571 0.8314115309999863 1.2492853929999796 243.560478743
150 567.7624094965546 120.99530727306572 522.9924094965546 76.22530727306571 0.29486308900001745 0.5533721839999828 245.642929749
