"function evaluation" "current f(x)" "best-so-far f(x)" "current af(x)+b" "best af(x)+b" acq_opt_time model_fit_time cum_iteration_time
1 81.52622116003215 81.52622116003215 122.30622116003215 122.30622116003215 None None None
2 83.12395546217277 81.52622116003215 123.90395546217277 122.30622116003215 None None None
3 81.4178607772297 81.4178607772297 122.1978607772297 122.1978607772297 None None None
4 76.7646847678613 76.7646847678613 117.5446847678613 117.5446847678613 None None None
5 74.43242866771 74.43242866771 115.21242866771 115.21242866771 None None None
6 86.06804029313813 74.43242866771 126.84804029313813 115.21242866771 None None None
7 72.82079340934024 72.82079340934024 113.60079340934024 113.60079340934024 None None None
8 83.54209347834156 72.82079340934024 124.32209347834156 113.60079340934024 None None None
9 81.95566109173575 72.82079340934024 122.73566109173575 113.60079340934024 None None None
10 85.67216251718118 72.82079340934024 126.45216251718118 113.60079340934024 None None None
11 86.45175207193307 72.82079340934024 127.23175207193307 113.60079340934024 0.26288169999999944 0.19849428300000005 0
12 86.45175207193307 72.82079340934024 127.23175207193307 113.60079340934024 0.1842695549999993 0.22021128399999945 4.022493571
13 86.45175207193307 72.82079340934024 127.23175207193307 113.60079340934024 0.19288390100000008 0.2301415560000004 4.428221966
14 86.45175207193307 72.82079340934024 127.23175207193307 113.60079340934024 0.1883734499999994 0.23753028600000015 4.852399519
15 86.45175207193307 72.82079340934024 127.23175207193307 113.60079340934024 0.3481557549999996 0.5700462489999998 5.280172201
16 86.45175207193307 72.82079340934024 127.23175207193307 113.60079340934024 0.24005256099999972 0.5141615229999994 6.199721593
17 86.45175207193307 72.82079340934024 127.23175207193307 113.60079340934024 0.23420349299999987 0.32469449400000006 6.955690265
18 86.45175207193307 72.82079340934024 127.23175207193307 113.60079340934024 0.24650516700000047 0.4223871999999993 7.516014378
19 86.45175207193307 72.82079340934024 127.23175207193307 113.60079340934024 0.21210638999999887 0.32720743399999996 8.187837514
20 86.45175207193307 72.82079340934024 127.23175207193307 113.60079340934024 0.2980349129999986 0.4013587370000007 8.728738931
21 86.45175207193307 72.82079340934024 127.23175207193307 113.60079340934024 0.30657382100000063 0.40087999899999893 9.429589333
22 86.45175207193307 72.82079340934024 127.23175207193307 113.60079340934024 0.38775500999999934 0.2716988650000012 10.138682342
23 86.45175207193307 72.82079340934024 127.23175207193307 113.60079340934024 0.214860873000001 0.28206257899999976 10.79972163
24 86.45175207193307 72.82079340934024 127.23175207193307 113.60079340934024 0.24805634600000026 0.27596254800000075 11.298072888
25 86.45175207193307 72.82079340934024 127.23175207193307 113.60079340934024 0.30336229400000114 0.3548057680000003 11.823773082
26 86.45175207193307 72.82079340934024 127.23175207193307 113.60079340934024 0.40855238299999996 0.49047107899999887 12.483422807
27 86.45175207193307 72.82079340934024 127.23175207193307 113.60079340934024 0.40035471499999886 0.4467436720000002 13.383871816
28 86.45175207193307 72.82079340934024 127.23175207193307 113.60079340934024 0.2991674159999995 0.31027543899999976 14.233403843
29 86.45175207193307 72.82079340934024 127.23175207193307 113.60079340934024 0.2226077619999991 0.2790315759999995 14.844259341
30 86.45175207193307 72.82079340934024 127.23175207193307 113.60079340934024 0.2835678040000005 0.2869407200000005 15.347514999
31 86.45175207193307 72.82079340934024 127.23175207193307 113.60079340934024 0.6719854890000008 0.38531491700000053 15.920100444
32 86.45175207193307 72.82079340934024 127.23175207193307 113.60079340934024 0.2139992150000012 0.3054309020000012 16.979115602
33 86.45175207193307 72.82079340934024 127.23175207193307 113.60079340934024 0.3060631330000021 0.3038408600000011 17.500176284
34 86.45175207193307 72.82079340934024 127.23175207193307 113.60079340934024 0.21283224900000164 0.27740116000000015 18.11145919
35 86.45175207193307 72.82079340934024 127.23175207193307 113.60079340934024 0.5132038750000021 0.3084995190000015 18.603173835
36 86.45175207193307 72.82079340934024 127.23175207193307 113.60079340934024 0.3086975530000018 0.33524163999999956 19.428453376
37 86.45175207193307 72.82079340934024 127.23175207193307 113.60079340934024 0.2229455740000006 0.36726145800000154 20.073883911
38 86.45175207193307 72.82079340934024 127.23175207193307 113.60079340934024 0.30937201999999786 0.31522178399999845 20.665700784
39 86.45175207193307 72.82079340934024 127.23175207193307 113.60079340934024 0.21641950700000123 0.2784852999999998 21.291652111
40 86.45175207193307 72.82079340934024 127.23175207193307 113.60079340934024 0.221142136000001 0.28670364899999967 21.787997942
41 86.45175207193307 72.82079340934024 127.23175207193307 113.60079340934024 0.33726237399999803 0.3350890910000004 22.297248632
42 86.45175207193307 72.82079340934024 127.23175207193307 113.60079340934024 0.31834451199999947 0.3143211469999976 22.971192838
43 86.45175207193307 72.82079340934024 127.23175207193307 113.60079340934024 0.37924020300000194 0.28420723400000014 23.605220865
44 86.45175207193307 72.82079340934024 127.23175207193307 113.60079340934024 0.23263534000000163 0.6943520550000031 24.271290357
45 86.45175207193307 72.82079340934024 127.23175207193307 113.60079340934024 0.40617474800000153 1.2279516840000007 25.19968161
46 86.45175207193307 72.82079340934024 127.23175207193307 113.60079340934024 0.4143265730000003 0.881983328999997 26.835165496
47 86.45175207193307 72.82079340934024 127.23175207193307 113.60079340934024 0.23396702999999874 0.3088693669999998 28.133242357
48 86.45175207193307 72.82079340934024 127.23175207193307 113.60079340934024 0.20584601800000257 0.5712512929999995 28.677840115
49 86.45175207193307 72.82079340934024 127.23175207193307 113.60079340934024 0.30773588099999927 0.33131047800000246 29.45629498
50 86.45175207193307 72.82079340934024 127.23175207193307 113.60079340934024 0.20733710799999727 0.2757020230000009 30.096830559
51 86.45175207193307 72.82079340934024 127.23175207193307 113.60079340934024 0.2976728709999996 0.27283665199999874 30.581224882
52 86.45175207193307 72.82079340934024 127.23175207193307 113.60079340934024 0.20948347500000253 0.2807996600000031 31.153293309
53 86.45175207193307 72.82079340934024 127.23175207193307 113.60079340934024 0.2109827959999997 0.2728648179999986 31.645267027
54 86.45175207193307 72.82079340934024 127.23175207193307 113.60079340934024 0.20844194000000016 0.27043591000000333 32.130459826
55 86.45175207193307 72.82079340934024 127.23175207193307 113.60079340934024 0.21884146200000032 0.269166589000001 32.61065932
56 86.45175207193307 72.82079340934024 127.23175207193307 113.60079340934024 0.3089594180000006 0.30814660400000093 33.100140818
57 86.45175207193307 72.82079340934024 127.23175207193307 113.60079340934024 0.22266425699999814 0.2793983990000015 33.718602896
58 86.45175207193307 72.82079340934024 127.23175207193307 113.60079340934024 0.22134123000000017 0.28684815199999747 34.222247764
59 86.45175207193307 72.82079340934024 127.23175207193307 113.60079340934024 0.346345196999998 0.6030466250000046 34.731954627
60 86.45175207193307 72.82079340934024 127.23175207193307 113.60079340934024 0.4194565379999986 0.602048736999997 35.683407943
61 86.45175207193307 72.82079340934024 127.23175207193307 113.60079340934024 0.4904875570000016 0.5771791829999984 36.706295067
62 86.45175207193307 72.82079340934024 127.23175207193307 113.60079340934024 0.27608792699999896 0.30119999000000064 37.775427407
63 86.45175207193307 72.82079340934024 127.23175207193307 113.60079340934024 0.6400691730000005 1.1259750370000035 38.354568592
64 86.45175207193307 72.82079340934024 127.23175207193307 113.60079340934024 0.3953255320000011 1.111930977 40.122167648
65 86.45175207193307 72.82079340934024 127.23175207193307 113.60079340934024 0.36328877999999776 0.4434477060000006 41.63090448
66 86.45175207193307 72.82079340934024 127.23175207193307 113.60079340934024 0.4332569709999987 1.170370853999998 42.439147397
67 86.45175207193307 72.82079340934024 127.23175207193307 113.60079340934024 0.30640601999999717 0.3545678649999999 44.044439866
68 86.45175207193307 72.82079340934024 127.23175207193307 113.60079340934024 0.2291062640000021 0.28395054699999633 44.707166117
69 86.45175207193307 72.82079340934024 127.23175207193307 113.60079340934024 0.5277441039999999 0.413168921999997 45.222017045
70 86.45175207193307 72.82079340934024 127.23175207193307 113.60079340934024 0.2162111359999983 0.3165692470000039 46.164409311
71 86.45175207193307 72.82079340934024 127.23175207193307 113.60079340934024 0.21567448799999767 0.29238792099999955 46.698908071
72 86.45175207193307 72.82079340934024 127.23175207193307 113.60079340934024 0.30802889200000294 0.3128517530000039 47.208354396
73 86.45175207193307 72.82079340934024 127.23175207193307 113.60079340934024 0.21574750799999975 0.28379428800000284 47.830583733
74 86.45175207193307 72.82079340934024 127.23175207193307 113.60079340934024 0.22375900700000528 0.2955127990000008 48.331497455
75 86.45175207193307 72.82079340934024 127.23175207193307 113.60079340934024 0.22958106099999753 0.31133493799999457 48.852218494
76 86.45175207193307 72.82079340934024 127.23175207193307 113.60079340934024 0.6074948280000001 0.29611598299999997 49.394580958
77 86.45175207193307 72.82079340934024 127.23175207193307 113.60079340934024 0.21624069399999968 0.33020897899999824 50.299665146
78 86.45175207193307 72.82079340934024 127.23175207193307 113.60079340934024 0.3153186930000018 0.3212529309999965 50.847646667
79 86.45175207193307 72.82079340934024 127.23175207193307 113.60079340934024 0.31687614200000525 0.32606489300000163 51.485600327
80 86.45175207193307 72.82079340934024 127.23175207193307 113.60079340934024 0.3169094610000016 0.3211254100000005 52.129938252
81 86.45175207193307 72.82079340934024 127.23175207193307 113.60079340934024 0.34891903299999427 0.42766965200000584 52.769476183
82 86.45175207193307 72.82079340934024 127.23175207193307 113.60079340934024 0.2910018760000028 6.493822008999999 53.547771544
83 86.45175207193307 72.82079340934024 127.23175207193307 113.60079340934024 0.30411766600001044 4.87079370899999 60.333974356
84 86.45175207193307 72.82079340934024 127.23175207193307 113.60079340934024 0.19499680600000602 0.2518713489999982 65.510378146
85 86.45175207193307 72.82079340934024 127.23175207193307 113.60079340934024 0.20269410199999527 0.26747555699999737 65.958523649
86 86.45175207193307 72.82079340934024 127.23175207193307 113.60079340934024 0.22116254199998764 0.27882848599999477 66.429969504
87 86.45175207193307 72.82079340934024 127.23175207193307 113.60079340934024 0.21723085499999684 0.28012827999999956 66.931443759
88 86.45175207193307 72.82079340934024 127.23175207193307 113.60079340934024 0.32207175100000995 0.326652492000008 67.430408345
89 86.45175207193307 72.82079340934024 127.23175207193307 113.60079340934024 0.32656230800000685 0.32766607899999656 68.080668543
90 86.45175207193307 72.82079340934024 127.23175207193307 113.60079340934024 0.22684265000000892 1.0113313840000018 68.736410425
91 86.45175207193307 72.82079340934024 127.23175207193307 113.60079340934024 0.22619060300000626 0.3449227109999953 69.976099929
92 86.45175207193307 72.82079340934024 127.23175207193307 113.60079340934024 0.34745259000000317 0.3336163540000001 70.549181263
93 86.45175207193307 72.82079340934024 127.23175207193307 113.60079340934024 0.2510875579999947 0.3303927580000021 71.232004217
94 86.45175207193307 72.82079340934024 127.23175207193307 113.60079340934024 0.5869263619999998 0.39048470199999485 71.815066046
95 86.45175207193307 72.82079340934024 127.23175207193307 113.60079340934024 0.45517292099999906 1.0300603640000077 72.79863076
96 86.45175207193307 72.82079340934024 127.23175207193307 113.60079340934024 0.472764226999999 0.6746902530000085 74.285191284
97 86.45175207193307 72.82079340934024 127.23175207193307 113.60079340934024 0.28111170600000435 4.079455721000002 75.433834163
98 86.45175207193307 72.82079340934024 127.23175207193307 113.60079340934024 0.2086399850000049 0.2866972089999962 79.795986326
99 86.45175207193307 72.82079340934024 127.23175207193307 113.60079340934024 0.21589089299999387 0.2844951760000072 80.292908404
100 86.45175207193307 72.82079340934024 127.23175207193307 113.60079340934024 0.31624063799999647 0.4316727909999969 80.794814495
101 86.45175207193307 72.82079340934024 127.23175207193307 113.60079340934024 0.8399234960000115 0.6835157380000112 81.544112838
102 86.45175207193307 72.82079340934024 127.23175207193307 113.60079340934024 0.4834768509999918 0.9822090939999981 83.069012623
103 86.45175207193307 72.82079340934024 127.23175207193307 113.60079340934024 0.7017345880000079 0.6801135759999966 84.536246198
104 86.45175207193307 72.82079340934024 127.23175207193307 113.60079340934024 0.9701048959999952 0.6823479839999891 85.919543096
105 86.45175207193307 72.82079340934024 127.23175207193307 113.60079340934024 0.4791762480000017 0.6103916679999912 87.573495095
106 86.45175207193307 72.82079340934024 127.23175207193307 113.60079340934024 0.7479418629999941 0.699781705999996 88.664499871
107 86.45175207193307 72.82079340934024 127.23175207193307 113.60079340934024 0.3443283890000117 0.7544304110000013 90.113665158
108 86.45175207193307 72.82079340934024 127.23175207193307 113.60079340934024 0.49144484200000704 1.1777469020000098 91.215244027
109 86.45175207193307 72.82079340934024 127.23175207193307 113.60079340934024 0.8105910640000076 0.7232547689999933 92.886083183
110 86.45175207193307 72.82079340934024 127.23175207193307 113.60079340934024 0.782310111000001 0.6918201900000014 94.421727546
111 86.45175207193307 72.82079340934024 127.23175207193307 113.60079340934024 0.516762651999997 0.6843474150000048 95.89762765
112 86.45175207193307 72.82079340934024 127.23175207193307 113.60079340934024 0.985046312999998 0.7171931909999927 97.100464811
113 86.45175207193307 72.82079340934024 127.23175207193307 113.60079340934024 0.24976639300000159 1.0328392330000042 98.80435836
114 86.45175207193307 72.82079340934024 127.23175207193307 113.60079340934024 0.25176372599999297 0.3322982870000004 100.088449196
115 86.45175207193307 72.82079340934024 127.23175207193307 113.60079340934024 0.2632195989999957 0.3285932470000006 100.673942818
116 86.45175207193307 72.82079340934024 127.23175207193307 113.60079340934024 0.36758559300000115 0.36485724799999275 101.2674096
117 86.45175207193307 72.82079340934024 127.23175207193307 113.60079340934024 0.26004114900000275 0.4086039270000015 102.008521648
118 86.45175207193307 72.82079340934024 127.23175207193307 113.60079340934024 0.26217223599999784 0.33533658300000013 102.678993107
119 86.45175207193307 72.82079340934024 127.23175207193307 113.60079340934024 0.256713462999997 0.3361698369999999 103.277929272
120 86.45175207193307 72.82079340934024 127.23175207193307 113.60079340934024 0.26755903100000467 0.3320004300000079 103.872464707
121 86.45175207193307 72.82079340934024 127.23175207193307 113.60079340934024 0.8343249899999989 1.1625203469999974 104.473699531
122 86.45175207193307 72.82079340934024 127.23175207193307 113.60079340934024 0.5011198539999953 1.0096154810000115 106.472189697
123 86.45175207193307 72.82079340934024 127.23175207193307 113.60079340934024 1.0644037149999974 5.304605890999994 107.984441593
124 86.45175207193307 72.82079340934024 127.23175207193307 113.60079340934024 0.7179493460000117 1.0403139760000073 114.354932449
125 86.45175207193307 72.82079340934024 127.23175207193307 113.60079340934024 0.7406352089999899 3.613916892000006 116.114800197
126 86.45175207193307 72.82079340934024 127.23175207193307 113.60079340934024 0.7285680479999996 0.9992019849999991 120.470792641
127 86.45175207193307 72.82079340934024 127.23175207193307 113.60079340934024 0.38682278999999653 1.1683385719999961 122.200177055
128 86.45175207193307 72.82079340934024 127.23175207193307 113.60079340934024 0.26328607199999965 0.43504516900000567 123.757247258
129 86.45175207193307 72.82079340934024 127.23175207193307 113.60079340934024 0.7816239410000065 1.1510511329999957 124.457045734
130 86.45175207193307 72.82079340934024 127.23175207193307 113.60079340934024 0.5448299229999947 0.6653321299999959 126.391264246
131 86.45175207193307 72.82079340934024 127.23175207193307 113.60079340934024 0.7882891659999984 1.1944465009999874 127.603036813
132 86.45175207193307 72.82079340934024 127.23175207193307 113.60079340934024 0.7578951379999808 1.1103507370000045 129.587306982
133 86.45175207193307 72.82079340934024 127.23175207193307 113.60079340934024 0.3727345199999945 3.192945838000014 131.457000614
134 86.45175207193307 72.82079340934024 127.23175207193307 113.60079340934024 0.35201547299999447 0.36461940299997764 135.024139643
135 86.45175207193307 72.82079340934024 127.23175207193307 113.60079340934024 0.2583941630000197 0.4639367309999898 135.742162549
136 86.45175207193307 72.82079340934024 127.23175207193307 113.60079340934024 0.3633406030000117 0.45897871799999734 136.466100507
137 86.45175207193307 72.82079340934024 127.23175207193307 113.60079340934024 0.5303733640000132 0.6040732620000142 137.29004963
138 86.45175207193307 72.82079340934024 127.23175207193307 113.60079340934024 0.5449605039999881 1.1942374560000246 138.426371205
139 86.45175207193307 72.82079340934024 127.23175207193307 113.60079340934024 0.5759145400000136 0.7457741139999996 140.167097204
140 86.45175207193307 72.82079340934024 127.23175207193307 113.60079340934024 0.5363909989999911 0.8217423529999905 141.490359832
141 86.45175207193307 72.82079340934024 127.23175207193307 113.60079340934024 0.9202473189999978 0.9281960579999975 142.849997831
142 86.45175207193307 72.82079340934024 127.23175207193307 113.60079340934024 0.627163309999986 0.7005008540000119 144.699895314
143 86.45175207193307 72.82079340934024 127.23175207193307 113.60079340934024 0.5875929409999969 0.7552045630000066 146.029221041
144 86.45175207193307 72.82079340934024 127.23175207193307 113.60079340934024 0.3324647670000047 0.8585669910000036 147.373705498
145 86.45175207193307 72.82079340934024 127.23175207193307 113.60079340934024 0.2851173260000053 0.39655761199998096 148.56634544
146 86.45175207193307 72.82079340934024 127.23175207193307 113.60079340934024 0.27558842299998787 0.39637955199998487 149.249745064
147 86.45175207193307 72.82079340934024 127.23175207193307 113.60079340934024 0.4136913450000179 0.5729979570000125 149.923245997
148 86.45175207193307 72.82079340934024 127.23175207193307 113.60079340934024 0.5267586479999977 2.4323734529999967 150.911780696
149 86.45175207193307 72.82079340934024 127.23175207193307 113.60079340934024 0.8164742559999922 0.8247181069999954 153.872446728
150 86.45175207193307 72.82079340934024 127.23175207193307 113.60079340934024 0.9294988260000139 0.808850432000014 155.515262535
