"function evaluation" "current f(x)" "best-so-far f(x)" "current af(x)+b" "best af(x)+b" acq_opt_time model_fit_time cum_iteration_time
1 21.65042084750695 21.65042084750695 332.27042084750695 332.27042084750695 None None None
2 14.565702104572438 14.565702104572438 325.18570210457244 325.18570210457244 None None None
3 39.781273204728905 14.565702104572438 350.4012732047289 325.18570210457244 0.020936234999999748 0.017495428000000146 0
4 37.39517350911831 14.565702104572438 348.0151735091183 325.18570210457244 0.021101776000000072 0.0389166129999996 2.913057123
5 36.692323490982176 14.565702104572438 347.3123234909822 325.18570210457244 0.02278031700000005 0.04208685800000023 2.973992853
6 35.42836962490321 14.565702104572438 346.0483696249032 325.18570210457244 0.021951065000000103 0.043101363999999975 3.03986549
7 21.219954270451808 14.565702104572438 331.8399542704518 325.18570210457244 0.03079777700000008 0.04206060099999975 3.105758567
8 36.09720137743841 14.565702104572438 346.7172013774384 325.18570210457244 0.02570032599999994 0.04342468199999994 3.17918419
9 2.3793034736783056 2.3793034736783056 312.9993034736783 312.9993034736783 0.021622317999999918 0.03795162499999982 3.248922871
10 30.791659062233293 2.3793034736783056 341.4116590622333 312.9993034736783 0.052322745999999754 0.07559833000000005 3.309382774
11 27.806181212281558 2.3793034736783056 338.42618121228156 312.9993034736783 0.08630385900000004 0.05342462200000009 3.438326958
12 28.986536975049034 2.3793034736783056 339.60653697504904 312.9993034736783 0.08758522000000024 0.05457280899999972 3.578957824
13 2.173120749183056 2.173120749183056 312.79312074918306 312.79312074918306 0.0902841750000003 0.05566702000000001 3.722024581
14 26.002104976225382 2.173120749183056 336.6221049762254 312.79312074918306 0.10692100800000004 0.05586791800000013 3.868869289
15 24.63884517464402 2.173120749183056 335.258845174644 312.79312074918306 0.1136715189999995 0.05755764700000032 4.032746629
16 29.51121391738485 2.173120749183056 340.13121391738485 312.79312074918306 0.13430282599999988 0.07420642499999985 4.205447445
17 8.583173598819656 2.173120749183056 319.20317359881966 312.79312074918306 0.0968085529999998 0.06905137299999975 4.415279192
18 25.963068302769045 2.173120749183056 336.58306830276905 312.79312074918306 0.07265770899999957 0.10001088899999999 4.582435484
19 25.05253687421407 2.173120749183056 335.6725368742141 312.79312074918306 0.05525915299999973 0.10711853199999943 4.756341804
20 2.174516489460302 2.173120749183056 312.7945164894603 312.79312074918306 0.05788266999999969 0.10685231300000009 4.919773951
21 17.5786386592726 2.173120749183056 328.1986386592726 312.79312074918306 0.05761166799999984 0.10837045800000045 5.08579264
22 23.650867726822867 2.173120749183056 334.27086772682287 312.79312074918306 0.05827858500000005 0.1111906970000005 5.252961523
23 10.809531954476256 2.173120749183056 321.42953195447626 312.79312074918306 0.06213900399999961 0.11409430399999998 5.423575133
24 24.724656984760315 2.173120749183056 335.3446569847603 312.79312074918306 0.05898548899999945 0.11223132800000002 5.601078338
25 22.099937776664945 2.173120749183056 332.71993777666495 312.79312074918306 0.0601584879999999 0.1128396770000002 5.773381846
26 23.856583662764763 2.173120749183056 334.47658366276477 312.79312074918306 0.05888599699999997 0.11373158100000058 5.947524554
27 3.0988586159150486 2.173120749183056 313.71885861591505 312.79312074918306 0.05833062199999972 0.11734704699999998 6.121402703
28 2.525174922565668 2.173120749183056 313.1451749225657 312.79312074918306 0.06424115799999974 0.11310722900000059 6.298170913
29 22.647381041660765 2.173120749183056 333.26738104166077 312.79312074918306 0.06276028999999994 0.11923413799999949 6.476872711
30 24.535133836588045 2.173120749183056 335.15513383658805 312.79312074918306 0.06269029100000001 0.1196962259999994 6.659993572
31 24.57394043392395 2.173120749183056 335.19394043392396 312.79312074918306 0.06472220199999956 0.11936301099999991 6.843595396
32 2.715910689115617 2.173120749183056 313.3359106891156 312.79312074918306 0.06131199899999995 0.12253519199999996 7.029105347
33 25.69595464699671 2.173120749183056 336.3159546469967 312.79312074918306 0.07021330300000006 0.119494349 7.214147482
34 20.60641369613802 2.173120749183056 331.226413696138 312.79312074918306 0.06451139599999944 0.12630295299999972 7.405122817
35 7.169135872781226 2.173120749183056 317.78913587278123 312.79312074918306 0.06453824300000033 0.12647688599999984 7.597125813
36 2.4630626791799273 2.173120749183056 313.08306267917993 312.79312074918306 0.05946014600000016 0.12448547700000034 7.789433433
37 27.912706977542257 2.173120749183056 338.53270697754226 312.79312074918306 0.03811900699999882 0.08998351499999924 7.974317715
38 19.976413267903922 2.173120749183056 330.5964132679039 312.79312074918306 0.08987166600000052 0.06831327899999984 8.103419057
39 21.75312883083842 2.173120749183056 332.3731288308384 312.79312074918306 0.06836567600000087 0.1426364410000005 8.262731062
40 22.27437239981623 2.173120749183056 332.89437239981623 312.79312074918306 0.030401516000001294 0.060422807000000134 8.474913341
41 28.163867937809982 2.173120749183056 338.78386793781 312.79312074918306 0.03077412999999929 0.05916523199999979 8.56684417
42 7.698238778235805 2.173120749183056 318.3182387782358 312.79312074918306 0.030366125000000466 0.06283090300000005 8.657833052
43 18.395615591867454 2.173120749183056 329.01561559186746 312.79312074918306 0.03127684200000047 0.059808724999999896 8.752204623
44 19.300874838511106 2.173120749183056 329.9208748385111 312.79312074918306 0.03048206900000139 0.06019335000000048 8.844415696
45 19.733042206501636 2.173120749183056 330.35304220650164 312.79312074918306 0.030055944999999085 0.06081858699999998 8.9362376
46 16.608845554486322 2.173120749183056 327.2288455544863 312.79312074918306 0.03047343199999908 0.059655071999999976 9.028308095
47 21.502630678731634 2.173120749183056 332.12263067873164 312.79312074918306 0.03029856500000072 0.061370200999999014 9.119596557
48 27.89749782876123 2.173120749183056 338.51749782876124 312.79312074918306 0.031026529000000025 0.060846630000000346 9.212338893
49 7.854287215255113 2.173120749183056 318.4742872152551 312.79312074918306 0.03235978600000067 0.06127558000000022 9.305353387
50 18.936362828913104 2.173120749183056 329.5563628289131 312.79312074918306 0.03310369399999935 0.06317004299999951 9.400400972
51 8.8966422935909 2.173120749183056 319.5166422935909 312.79312074918306 0.030923070000000052 0.06301773799999921 9.49782077
52 20.749267935814487 2.173120749183056 331.3692679358145 312.79312074918306 0.03028356799999976 0.11417422200000082 9.593099096
53 16.97235063783978 2.173120749183056 327.5923506378398 312.79312074918306 0.03163460600000079 0.06262679099999957 9.739051324
54 17.393821035405722 2.173120749183056 328.0138210354057 312.79312074918306 0.030802700000000627 0.061559255999998896 9.834446959
55 3.428520396223462 2.173120749183056 314.04852039622347 312.79312074918306 0.030384890000000553 0.06273752799999954 9.928005745
56 22.076225541245947 2.173120749183056 332.69622554124595 312.79312074918306 0.03071327299999993 0.062401604999999805 10.022298903
57 17.881987381544604 2.173120749183056 328.5019873815446 312.79312074918306 0.03141559399999849 0.06572068200000025 10.116603359
58 16.746825391781556 2.173120749183056 327.36682539178156 312.79312074918306 0.04227578600000115 0.0633298179999997 10.215048851
59 14.25460374958891 2.173120749183056 324.8746037495889 312.79312074918306 0.030953622999998487 0.0626812490000006 10.321830904
60 19.206905275757094 2.173120749183056 329.8269052757571 312.79312074918306 0.03095405500000048 0.06313011899999843 10.416764462
61 16.24885569171363 2.173120749183056 326.86885569171363 312.79312074918306 0.03191282500000092 0.06370226199999962 10.511933525
62 16.48528453671031 2.173120749183056 327.1052845367103 312.79312074918306 0.030924197999999237 0.06388152399999925 10.608696113
63 2.6818098312770076 2.173120749183056 313.301809831277 312.79312074918306 0.032161530999999854 0.06310057299999983 10.704597202
64 15.369575693243632 2.173120749183056 325.98957569324364 312.79312074918306 0.031103601999999952 0.0627210930000004 10.800956963
65 14.37622560153443 2.173120749183056 324.99622560153443 312.79312074918306 0.031434134999999586 0.06537449100000003 10.895935418
66 14.662764698876913 2.173120749183056 325.2827646988769 312.79312074918306 0.03149475299999871 0.06558680500000058 10.993931212
67 27.19655255856412 2.173120749183056 337.8165525585641 312.79312074918306 0.031230629999999593 0.06699274300000013 11.092087067
68 14.364405481259041 2.173120749183056 324.98440548125905 312.79312074918306 0.031956108999999344 0.06604180399999926 11.191604647
69 34.367705385408726 2.173120749183056 344.98770538540873 312.79312074918306 0.032019231999999676 0.06640617899999945 11.290688403
70 12.139895367862948 2.173120749183056 322.75989536786295 312.79312074918306 0.03259306200000012 0.06914012399999869 11.390224997
