"function evaluation" "current f(x)" "best-so-far f(x)" "current af(x)+b" "best af(x)+b" acq_opt_time model_fit_time cum_iteration_time
1 11647.248596653768 11647.248596653768 11796.398596653768 11796.398596653768 None None None
2 234.34721032860924 234.34721032860924 383.49721032860924 383.49721032860924 None None None
3 10286.63611712478 234.34721032860924 10435.78611712478 383.49721032860924 0.026652299999999407 0.028098205000000043 0
4 5631.418154624387 234.34721032860924 5780.568154624387 383.49721032860924 0.0271215309999997 0.06819486200000036 4.830667077
5 125783.96533222221 234.34721032860924 125933.11533222221 383.49721032860924 0.034259533000000175 0.06858101499999947 4.927368251
6 1294.4738425873352 234.34721032860924 1443.6238425873353 383.49721032860924 0.08279253599999947 0.07545573699999952 5.031572684
7 77183.46838261698 234.34721032860924 77332.61838261697 383.49721032860924 0.036775170999999496 0.1249367019999994 5.191348566
8 4022.3625939519075 234.34721032860924 4171.512593951908 383.49721032860924 0.1230084110000007 0.08917526199999948 5.35457575
9 52793.25169776102 234.34721032860924 52942.40169776102 383.49721032860924 0.03283001399999996 0.19619780799999997 5.568420594
10 25862.994442437175 234.34721032860924 26012.144442437177 383.49721032860924 0.032061967000000635 0.08921577100000011 5.799371745
11 20066.770754087083 234.34721032860924 20215.920754087085 383.49721032860924 0.04455225099999982 0.08973162900000009 5.922183417
12 2760.0098263154096 234.34721032860924 2909.1598263154096 383.49721032860924 0.16199374300000002 0.12806701700000023 6.058642039
13 450.93171598101605 234.34721032860924 600.081715981016 383.49721032860924 0.03991815799999987 0.09082844600000062 6.350846773
14 81.81526680373386 81.81526680373386 230.96526680373387 230.96526680373387 0.03511915400000021 0.09335521599999996 6.483326422
15 436.32773890650094 81.81526680373386 585.4777389065009 230.96526680373387 0.03640071999999961 0.09144180599999974 6.613565723
16 9.85960644902201 9.85960644902201 159.00960644902202 159.00960644902202 0.41459891899999946 0.09640255399999997 6.743522592
17 1343.8597710335184 9.85960644902201 1493.0097710335185 159.00960644902202 0.16681306100000004 0.13075098300000043 7.256508337
18 7305.613175623581 9.85960644902201 7454.7631756235805 159.00960644902202 0.07364050199999994 0.18752328600000023 7.556119411
19 1738.5830085991438 9.85960644902201 1887.733008599144 159.00960644902202 0.07682722200000036 0.23015889999999928 7.819249896
20 25740.693500889472 9.85960644902201 25889.843500889474 159.00960644902202 0.07625417900000109 0.2021134250000003 8.128346599
21 614.1816813540305 9.85960644902201 763.3316813540305 159.00960644902202 0.07663605000000118 0.20449386199999964 8.408541944
22 35186.5916838069 9.85960644902201 35335.741683806904 159.00960644902202 0.07944527699999959 0.20916894399999997 8.691494455
23 53.49020337112796 9.85960644902201 202.64020337112797 159.00960644902202 0.08063924400000033 0.21696771899999945 8.982699975
24 11.894713115203587 9.85960644902201 161.0447131152036 159.00960644902202 0.1086849739999991 0.21383709399999873 9.282542287
25 147085.06020049658 9.85960644902201 147234.21020049657 159.00960644902202 0.07999394599999832 0.21967236500000098 9.607199044
26 7548.629106074488 9.85960644902201 7697.779106074488 159.00960644902202 0.10054980000000135 0.2157769199999997 9.909228182
27 14126.514197658093 9.85960644902201 14275.664197658092 159.00960644902202 0.11849036999999996 1.1529302309999991 10.227794297
28 2909.0511911752824 9.85960644902201 3058.2011911752825 159.00960644902202 0.07535106699999972 0.24959891599999828 11.501724674
29 5424.696031358513 9.85960644902201 5573.846031358513 159.00960644902202 0.08388422300000009 0.2397217660000006 11.828880714
30 1995.1861952642903 9.85960644902201 2144.3361952642904 159.00960644902202 0.08021239300000005 0.2332467859999987 12.154487596
31 760.5418123067113 9.85960644902201 909.6918123067113 159.00960644902202 0.08120899300000062 0.2220475129999997 12.470460891
32 4387.644759347337 9.85960644902201 4536.794759347336 159.00960644902202 0.08077978700000088 1.6724305060000013 12.775934186
33 36852.54442842607 9.85960644902201 37001.69442842607 159.00960644902202 0.07877060400000069 0.22148950299999903 14.531781591
34 4336.015912087082 9.85960644902201 4485.165912087082 159.00960644902202 0.08980769399999922 0.21997852999999878 14.834117332
35 95498.35983613823 9.85960644902201 95647.50983613823 159.00960644902202 0.11321560600000069 0.31022521600000097 15.146045988
36 94.55249944460931 9.85960644902201 243.70249944460932 159.00960644902202 0.08274764299999937 0.25078554799999964 15.572066609
37 4.854422812154581 4.854422812154581 154.0044228121546 154.0044228121546 0.10963140800000204 0.25125969099999956 15.908336944
38 115074.10943329151 4.854422812154581 115223.2594332915 154.0044228121546 0.09383572300000154 0.35723211000000177 16.27215894
39 70.64039015693041 4.854422812154581 219.7903901569304 154.0044228121546 0.07550197500000166 0.23814533099999835 16.725469784
40 1702.166005656165 4.854422812154581 1851.316005656165 154.0044228121546 0.08292498199999798 0.4385567540000004 17.041216337
41 41487.814058420874 4.854422812154581 41636.964058420876 154.0044228121546 0.08264430000000189 0.22901796800000085 17.564957191
42 103863.0093828425 4.854422812154581 104012.1593828425 154.0044228121546 0.08771743400000176 0.23816517299999873 17.878850029
43 28397.640440542866 4.854422812154581 28546.790440542867 154.0044228121546 0.08550195300000141 0.24131141999999883 18.206819259
44 543.8051771736122 4.854422812154581 692.9551771736121 154.0044228121546 0.10546282800000029 0.2653841390000018 18.535833614
45 62.062296366165015 4.854422812154581 211.21229636616502 154.0044228121546 0.10617162800000202 0.24515757700000051 18.909239068
46 557.3472260618765 4.854422812154581 706.4972260618765 154.0044228121546 0.08187961399999821 1.1559274219999978 19.2631913
47 91.31917681494977 4.854422812154581 240.46917681494978 154.0044228121546 0.11758441799999986 0.33071804900000146 20.50314145
48 24333.690848144342 4.854422812154581 24482.840848144344 154.0044228121546 0.10503928600000023 0.3276005160000004 20.954335865
49 9241.262094363687 4.854422812154581 9390.412094363686 154.0044228121546 0.11629959100000065 0.34334855600000225 21.389716757
50 3.935281258736808 3.935281258736808 153.0852812587368 153.0852812587368 0.12030630599999981 0.29311055699999855 21.852119519
51 2465.383229277281 3.935281258736808 2614.533229277281 153.0852812587368 0.11833211500000118 0.33122883200000075 22.268355511
52 451.13548018880977 3.935281258736808 600.2854801888097 153.0852812587368 0.08194999799999891 0.3012920920000006 22.7207604
53 129.88323250951467 3.935281258736808 279.0332325095147 153.0852812587368 0.08225724800000123 0.33060157399999923 23.10657858
54 2795.228541553648 3.935281258736808 2944.378541553648 153.0852812587368 0.07888877499999936 0.24244835200000026 23.521677803
55 2823.705596185907 3.935281258736808 2972.855596185907 153.0852812587368 0.07903993300000067 0.23026363500000002 23.845105214
56 29530.154241605658 3.935281258736808 29679.30424160566 153.0852812587368 0.07838600099999837 0.2293504750000004 24.156771024
57 840.0663955194592 3.935281258736808 989.2163955194592 153.0852812587368 0.10290021100000146 0.23022150599999947 24.46669611
58 7441.4722737472575 3.935281258736808 7590.622273747257 153.0852812587368 0.10808149400000033 0.3581260800000017 24.803163083
59 36560.2068064613 3.935281258736808 36709.3568064613 153.0852812587368 0.11680014299999897 0.36939289900000105 25.272134899
60 60854.59296010923 3.935281258736808 61003.74296010923 153.0852812587368 0.0822349700000018 0.3052364549999993 25.761035951
61 124.1240952371754 3.935281258736808 273.2740952371754 153.0852812587368 0.07323274799999879 0.2805684460000002 26.150539566
62 659.448926721108 3.935281258736808 808.598926721108 153.0852812587368 0.08921890299999902 0.2552797799999986 26.506413783
63 384.63645500366977 3.935281258736808 533.7864550036697 153.0852812587368 0.08912276499999905 0.2914034249999986 26.853107335
64 7132.221416533156 3.935281258736808 7281.371416533156 153.0852812587368 0.08962958900000118 0.24909641500000035 27.235934247
65 157027.77861590488 3.935281258736808 157176.92861590488 153.0852812587368 0.08604542999999865 0.25367467699999935 27.576843176
66 120.29400901557253 3.935281258736808 269.44400901557253 153.0852812587368 0.08753009400000167 0.25901962500000053 27.918765485
67 599.8540811272113 3.935281258736808 749.0040811272113 153.0852812587368 0.08711503800000031 0.26762407400000043 28.268147569
68 310.3367304390913 3.935281258736808 459.4867304390913 153.0852812587368 0.08700729399999929 0.25995495300000115 28.625235301
69 2752.626399431574 3.935281258736808 2901.776399431574 153.0852812587368 0.12759137699999812 0.34084142800000095 28.974731333
70 44.59893168205352 3.935281258736808 193.74893168205352 153.0852812587368 0.07917075299999965 4.854102681000004 29.445540405
