"function evaluation" "current f(x)" "best-so-far f(x)" "current af(x)+b" "best af(x)+b" acq_opt_time model_fit_time cum_iteration_time
1 82.90362555424774 82.90362555424774 81.30362555424774 81.30362555424774 None None None
2 83.78018868020354 82.90362555424774 82.18018868020354 81.30362555424774 None None None
3 85.19207956241151 82.90362555424774 83.59207956241151 81.30362555424774 None None None
4 83.82762473496065 82.90362555424774 82.22762473496066 81.30362555424774 None None None
5 75.62842369092726 75.62842369092726 74.02842369092727 74.02842369092727 None None None
6 77.56176197981054 75.62842369092726 75.96176197981055 74.02842369092727 None None None
7 75.58899091018561 75.58899091018561 73.98899091018562 73.98899091018562 None None None
8 75.08910746657966 75.08910746657966 73.48910746657967 73.48910746657967 None None None
9 59.05230443197353 59.05230443197353 57.45230443197353 57.45230443197353 None None None
10 81.72653992880412 59.05230443197353 80.12653992880412 57.45230443197353 None None None
11 86.04190783791879 59.05230443197353 84.44190783791879 57.45230443197353 0.8424809379999996 0.3707047819999998 0
12 81.6053976223166 59.05230443197353 80.00539762231661 57.45230443197353 0.8101570590000007 0.44076846499999967 7.371172393
13 83.62825548321749 59.05230443197353 82.02825548321749 57.45230443197353 0.8365163039999999 0.514411162 8.623520737
14 84.73760828475743 59.05230443197353 83.13760828475743 57.45230443197353 0.634113803 0.5116761690000011 9.974939969
15 77.57669949674057 59.05230443197353 75.97669949674058 57.45230443197353 0.8960746789999998 0.5343608020000001 11.122057838
16 85.56968754046926 59.05230443197353 83.96968754046927 57.45230443197353 0.7083714319999999 0.5314132130000004 12.553651212
17 65.05899816718605 59.05230443197353 63.458998167186046 57.45230443197353 0.8459995300000003 0.46560291300000145 13.794236769
18 83.61316252196967 59.05230443197353 82.01316252196968 57.45230443197353 0.35057805800000175 0.6042186140000005 15.106517102
19 76.17679548895443 59.05230443197353 74.57679548895443 57.45230443197353 0.6045561169999978 0.32175801400000026 16.062988657
20 83.45315043816458 59.05230443197353 81.85315043816459 57.45230443197353 0.5194889340000017 0.5880547999999983 16.992042525
21 76.36309468255196 59.05230443197353 74.76309468255197 57.45230443197353 0.6486757579999995 0.5681035419999994 18.10073868
22 84.99045774062637 59.05230443197353 83.39045774062637 57.45230443197353 0.6973737040000003 0.44556800500000193 19.318384308
23 83.29905404681178 59.05230443197353 81.69905404681178 57.45230443197353 0.5498781620000024 0.2845110989999995 20.462384109
24 84.32014469560193 59.05230443197353 82.72014469560193 57.45230443197353 0.534304075999998 0.5758365949999984 21.297382784
25 80.7888104308594 59.05230443197353 79.1888104308594 57.45230443197353 0.8672824609999985 0.46392526900000064 22.40836767
26 79.68596327662856 59.05230443197353 78.08596327662856 57.45230443197353 0.9809608910000023 0.5108236869999985 23.744420732
27 80.1098403280671 59.05230443197353 78.5098403280671 57.45230443197353 0.5687592899999991 0.4916336099999974 25.23734005
28 73.75236756856127 59.05230443197353 72.15236756856127 57.45230443197353 0.2999215100000008 0.5108820760000015 26.299122573
29 78.3285059925438 59.05230443197353 76.7285059925438 57.45230443197353 0.5018714450000026 0.6603990039999985 27.110714143
30 78.11380184182984 59.05230443197353 76.51380184182985 57.45230443197353 0.35556450600000034 0.43210886199999976 28.27377624
31 85.4925726935631 59.05230443197353 83.89257269356311 57.45230443197353 0.5506023549999988 0.36104776900000246 29.062370708
32 84.89771935631133 59.05230443197353 83.29771935631133 57.45230443197353 0.48699993399999997 0.5988651390000008 29.974827447
33 63.11548913611209 59.05230443197353 61.51548913611209 57.45230443197353 0.7439175839999983 0.5887697250000024 31.062222217
34 80.30589114224487 59.05230443197353 78.70589114224488 57.45230443197353 0.8522104189999951 0.7382067200000009 32.396355096
35 71.15698222505446 59.05230443197353 69.55698222505447 57.45230443197353 0.4969823949999963 0.502831368999999 33.987775288
36 85.51802839738706 59.05230443197353 83.91802839738706 57.45230443197353 0.5985685910000029 0.6345561159999988 34.989144637
37 82.0048206160147 59.05230443197353 80.4048206160147 57.45230443197353 0.40598271100000005 0.40711112599999666 36.223102358
38 83.9935454100133 59.05230443197353 82.3935454100133 57.45230443197353 0.2680784280000026 0.3008118619999962 37.037265369
39 80.21696779117572 59.05230443197353 78.61696779117572 57.45230443197353 0.22045642299999457 0.417086716 37.607284819
40 77.74695818295696 59.05230443197353 76.14695818295696 57.45230443197353 0.28985600700000447 0.5655174820000042 38.245828904
41 76.70117996095634 59.05230443197353 75.10117996095634 57.45230443197353 0.3892411160000009 0.5731500500000024 39.105524388
42 83.92586442757738 59.05230443197353 82.32586442757739 57.45230443197353 0.3356035480000017 0.5624552710000046 40.069127452
43 64.19723197615033 59.05230443197353 62.59723197615033 57.45230443197353 0.40300876300000255 0.4350304509999958 40.968185836
44 82.70884876742326 59.05230443197353 81.10884876742327 57.45230443197353 0.22914131400000315 0.2765209400000046 41.80749031
45 81.48094234509395 59.05230443197353 79.88094234509396 57.45230443197353 0.2112084599999946 0.2712938900000026 42.314660316
46 85.17177234007389 59.05230443197353 83.57177234007389 57.45230443197353 0.21055357899999905 0.280085758999995 42.798577442
47 85.28738568834899 59.05230443197353 83.687385688349 57.45230443197353 0.48377960499999517 0.40825681899999466 43.290692693
48 85.39076254628243 59.05230443197353 83.79076254628244 57.45230443197353 0.47900966499999953 1.3234558850000013 44.183977667
49 79.04840829527579 59.05230443197353 77.4484082952758 57.45230443197353 0.5011534830000031 0.4682438399999995 45.987566715
50 79.25465145807786 59.05230443197353 77.65465145807786 57.45230443197353 0.709288026000003 0.6069607260000041 46.957685288
51 76.7197184219075 59.05230443197353 75.1197184219075 57.45230443197353 0.5962153800000038 1.1095426400000008 48.27615279
52 82.02241247903545 59.05230443197353 80.42241247903546 57.45230443197353 0.5160480819999975 0.7668750600000038 49.982981918
53 83.83571711448472 59.05230443197353 82.23571711448473 57.45230443197353 0.7502880979999986 0.9751998900000061 51.266958932
54 68.62839913173087 59.05230443197353 67.02839913173088 57.45230443197353 0.5733613849999983 0.9841153619999972 52.993734966
55 79.68569210477051 59.05230443197353 78.08569210477052 57.45230443197353 0.46288453700000076 0.732574833000001 54.552316715
56 85.26470616386254 59.05230443197353 83.66470616386255 57.45230443197353 0.42542412199999546 0.7748562219999968 55.750821597
57 81.65828733418283 59.05230443197353 80.05828733418284 57.45230443197353 0.4217278329999985 0.9711907069999981 56.953236142
58 84.81866222553798 59.05230443197353 83.21866222553798 57.45230443197353 0.8697758719999982 0.7987694340000004 58.347469454
59 82.70933705788623 59.05230443197353 81.10933705788624 57.45230443197353 0.4661120660000009 1.0652505829999939 60.017495678
60 84.76664081964711 59.05230443197353 83.16664081964711 57.45230443197353 0.47129644599999665 1.262472995000003 61.550324716
61 83.19581344502002 59.05230443197353 81.59581344502003 57.45230443197353 0.5107773900000012 0.9060251340000036 63.285234974
62 77.04685047988116 59.05230443197353 75.44685047988116 57.45230443197353 0.9373029860000059 1.933055906000007 64.703587229
63 84.502330678059 59.05230443197353 82.902330678059 57.45230443197353 0.21822873000000698 0.2854614329999947 67.575251157
64 80.94213809605792 59.05230443197353 79.34213809605792 57.45230443197353 0.21892730800000493 0.2752742069999954 68.080308497
65 75.44973544037356 59.05230443197353 73.84973544037356 57.45230443197353 0.3564650880000073 0.35882100699998887 68.575803366
66 82.40049487727133 59.05230443197353 80.80049487727133 57.45230443197353 0.22435788300001036 0.33323412499998994 69.292310791
67 75.50867239876284 59.05230443197353 73.90867239876285 57.45230443197353 0.3144305520000046 0.33373957000000587 69.851318959
68 81.78822527080496 59.05230443197353 80.18822527080496 57.45230443197353 0.32237094100000263 0.3174917449999981 70.500852836
69 85.01148519641906 59.05230443197353 83.41148519641906 57.45230443197353 0.2392449839999955 0.28768603599999665 71.142161541
70 83.59374803729881 59.05230443197353 81.99374803729881 57.45230443197353 0.24354604900000254 0.3028677459999898 71.67044682
71 70.49771601607405 59.05230443197353 68.89771601607406 57.45230443197353 0.5626896929999958 0.3290273949999971 72.218570287
72 79.53240247079562 59.05230443197353 77.93240247079562 57.45230443197353 0.9157839800000005 5.860349997 73.111604945
73 68.49414188171241 59.05230443197353 66.89414188171241 57.45230443197353 0.24124799499999483 1.1340035010000094 79.88891959
74 84.77115640184071 59.05230443197353 83.17115640184072 57.45230443197353 0.7329921390000038 1.304940223999992 81.265098946
75 79.46154866955169 59.05230443197353 77.8615486695517 57.45230443197353 0.5508705020000093 1.0462939970000065 83.308475318
76 84.92608139917022 59.05230443197353 83.32608139917022 57.45230443197353 0.7343038519999965 2.1486732380000007 84.906618091
77 84.77564413458465 59.05230443197353 83.17564413458466 57.45230443197353 0.5138959909999983 1.4671898040000002 87.79220492
78 81.1128373606045 59.05230443197353 79.51283736060451 57.45230443197353 0.5142505359999916 1.4864052369999996 89.780961445
79 81.12730279730184 59.05230443197353 79.52730279730184 57.45230443197353 0.3550600020000019 2.5371400979999947 91.783009204
80 82.18528720444264 59.05230443197353 80.58528720444265 57.45230443197353 0.44078159800000094 0.9289365420000024 94.676898845
81 79.30034747071046 59.05230443197353 77.70034747071047 57.45230443197353 0.46695627299999387 0.8465065900000042 96.047573194
82 77.94877734783509 59.05230443197353 76.3487773478351 57.45230443197353 0.64480123700001 0.6428340530000014 97.362876809
83 82.40622836437036 59.05230443197353 80.80622836437037 57.45230443197353 0.663843177000004 0.8786450660000042 98.651577354
84 82.34748284105666 59.05230443197353 80.74748284105667 57.45230443197353 0.596888026000002 2.824073729999995 100.197057068
85 78.07014512510817 59.05230443197353 76.47014512510817 57.45230443197353 0.9515505279999985 1.0467447479999947 103.619405871
86 80.46140197724819 59.05230443197353 78.86140197724819 57.45230443197353 0.7328140769999862 1.0091975420000097 105.618725038
87 82.41690746813704 59.05230443197353 80.81690746813705 57.45230443197353 0.6680732269999936 0.5605885699999931 107.361818421
88 80.03457185678116 59.05230443197353 78.43457185678116 57.45230443197353 0.9613286180000102 0.9823299659999947 108.594835815
89 81.17964345723995 59.05230443197353 79.57964345723995 57.45230443197353 0.8229880410000021 0.7191343100000012 110.539583464
90 73.67577223551315 59.05230443197353 72.07577223551316 57.45230443197353 0.4303821630000044 0.5448354429999966 112.082859797
91 76.60189008885025 59.05230443197353 75.00189008885026 57.45230443197353 0.9730885950000072 0.7158986569999968 113.059239425
92 82.77366713925555 59.05230443197353 81.17366713925556 57.45230443197353 0.8623914210000123 0.7275934570000118 114.751362813
93 82.586466426209 59.05230443197353 80.986466426209 57.45230443197353 1.0186605850000063 0.7713019770000074 116.342729869
94 82.36347427240669 59.05230443197353 80.7634742724067 57.45230443197353 0.809237385000003 0.6857316530000048 118.133416424
95 66.95505109298907 59.05230443197353 65.35505109298907 57.45230443197353 0.7326583450000044 0.7907343020000042 119.629380113
96 79.21091321718413 59.05230443197353 77.61091321718413 57.45230443197353 1.0352458210000037 0.6832581120000043 121.153462396
97 82.94360256668186 59.05230443197353 81.34360256668187 57.45230443197353 0.5414186430000001 0.7346244670000033 122.873593043
98 82.67318960363774 59.05230443197353 81.07318960363774 57.45230443197353 2.287296499000007 0.8624840330000012 124.15097051
99 76.78868211163297 59.05230443197353 75.18868211163297 57.45230443197353 0.6491918210000165 1.0100601199999915 127.302099577
100 67.7658237987082 59.05230443197353 66.1658237987082 57.45230443197353 0.7251673270000083 0.7538141169999903 128.962466284
101 81.10054793591723 59.05230443197353 79.50054793591724 57.45230443197353 1.1697766739999906 4.924011771000011 130.442398166
102 79.33793923614309 59.05230443197353 77.73793923614309 57.45230443197353 1.3746699800000215 1.0139024039999924 136.537887342
103 84.18590832407003 59.05230443197353 82.58590832407003 57.45230443197353 0.9491642929999955 0.718957396999997 138.927397297
104 82.90831201051664 59.05230443197353 81.30831201051664 57.45230443197353 1.7032553059999884 0.8515957709999782 140.59953336
105 73.58966517812695 59.05230443197353 71.98966517812696 57.45230443197353 1.1300163319999967 0.9197747150000168 143.15649116
106 84.6383736561081 59.05230443197353 83.0383736561081 57.45230443197353 2.5082190620000233 1.0207106350000004 145.218281497
107 85.5654074897085 59.05230443197353 83.96540748970851 57.45230443197353 1.611235812999979 1.1340168750000146 148.756114203
108 83.98908837118957 59.05230443197353 82.38908837118957 57.45230443197353 1.278965186999983 1.715825905999992 151.503221946
109 77.23109403061066 59.05230443197353 75.63109403061067 57.45230443197353 1.3083331609999789 2.2219116740000118 154.501397186
110 80.42672610488353 59.05230443197353 78.82672610488353 57.45230443197353 1.089476875999992 0.9892988260000095 158.032422375
111 80.29670236638874 59.05230443197353 78.69670236638875 57.45230443197353 1.3482955659999902 1.1808999710000023 160.112467228
112 77.609173930951 59.05230443197353 76.00917393095101 57.45230443197353 2.2819840829999976 1.5112279150000063 162.6426582
113 78.40325477467213 59.05230443197353 76.80325477467214 57.45230443197353 1.0712248810000062 1.193269676 166.437171654
114 79.72689358159973 59.05230443197353 78.12689358159973 57.45230443197353 1.5545046780000007 0.6051248229999828 168.702548042
115 79.89030918614755 59.05230443197353 78.29030918614755 57.45230443197353 2.7137765980000097 0.8965476699999897 170.863171576
116 81.55528601722816 59.05230443197353 79.95528601722816 57.45230443197353 0.8149247679999974 2.3776510399999893 174.476925556
117 77.86767983166685 59.05230443197353 76.26767983166685 57.45230443197353 1.253609062999999 3.253196415000019 177.670462333
118 79.59519011724474 59.05230443197353 77.99519011724475 57.45230443197353 1.2831241350000084 6.91743218000002 182.178360587
119 82.34387377071084 59.05230443197353 80.74387377071085 57.45230443197353 1.0603891250000004 1.1806417969999927 190.379886666
120 86.42546086203897 59.05230443197353 84.82546086203898 57.45230443197353 1.6508617959999867 3.7594007570000088 192.623004011
121 84.15426176718927 59.05230443197353 82.55426176718927 57.45230443197353 1.3522884119999787 3.763444031000006 198.03484876
122 81.78037516832893 59.05230443197353 80.18037516832894 57.45230443197353 1.2975178730000039 3.628418872999987 203.151757182
123 80.91570257282031 59.05230443197353 79.31570257282031 57.45230443197353 2.0737638230000073 1.195714484000007 208.079228406
124 66.33083452609107 59.05230443197353 64.73083452609107 57.45230443197353 0.8138975460000211 1.3632028419999926 211.350595561
125 85.0884856000271 59.05230443197353 83.4884856000271 57.45230443197353 1.9760896399999979 9.390989220999984 213.534474233
126 74.07966962258419 59.05230443197353 72.4796696225842 57.45230443197353 0.6419679450000046 3.071941541000001 224.903042304
127 82.13311369251733 59.05230443197353 80.53311369251733 57.45230443197353 2.1494839220000017 1.0894381640000006 228.618573191
128 78.15396350577974 59.05230443197353 76.55396350577975 57.45230443197353 0.5278088919999959 2.071264953999986 231.858767272
129 74.56636030357888 59.05230443197353 72.96636030357888 57.45230443197353 1.4334784739999975 0.6747240139999917 234.459363863
130 83.89169856525155 59.05230443197353 82.29169856525155 57.45230443197353 0.9877644230000158 9.487772522 236.57090478
131 83.1423018429456 59.05230443197353 81.5423018429456 57.45230443197353 0.9185970669999506 9.487982833000018 247.057517821
132 81.91400496516316 59.05230443197353 80.31400496516316 57.45230443197353 0.5360148450000111 2.853918926999995 257.465058219
133 76.15754014685425 59.05230443197353 74.55754014685425 57.45230443197353 0.3442715280000357 0.41322145500004126 260.856638875
134 75.7021366040342 59.05230443197353 74.1021366040342 57.45230443197353 0.3004870209999808 0.4001291420000257 261.615545441
135 83.32817323391981 59.05230443197353 81.72817323391982 57.45230443197353 0.6951746739999862 0.6185997779999752 262.317631014
136 81.60240528655535 59.05230443197353 80.00240528655536 57.45230443197353 0.5766026379999971 0.9460894960000132 263.63278182
137 70.94092117270561 59.05230443197353 69.34092117270562 57.45230443197353 0.5989964490000261 11.93831630699998 265.157011376
138 82.40035697180126 59.05230443197353 80.80035697180126 57.45230443197353 1.2052112569999736 13.487039123999978 277.695510592
139 77.79246234016674 59.05230443197353 76.19246234016674 57.45230443197353 1.2503766130000145 0.950357146999977 292.388618145
140 73.93004041906653 59.05230443197353 72.33004041906653 57.45230443197353 1.3873908269999902 12.890716106000013 294.590276867
141 79.161614439783 59.05230443197353 77.561614439783 57.45230443197353 1.565416173000017 1.4100084770000194 308.87407735
142 84.32717363024997 59.05230443197353 82.72717363024998 57.45230443197353 0.9538697950000028 2.4736772290000317 311.850539085
143 84.88416942321017 59.05230443197353 83.28416942321017 57.45230443197353 0.34412890200002266 1.0880803510000305 315.279294748
144 76.44798018375951 59.05230443197353 74.84798018375952 57.45230443197353 0.4702054729999645 0.8043374169999993 316.713043747
145 81.52756564365238 59.05230443197353 79.92756564365239 57.45230443197353 0.2782869590000132 0.3736502969999833 317.989291276
146 82.46640950356846 59.05230443197353 80.86640950356846 57.45230443197353 0.6396740710000017 0.42176257199997735 318.642832157
147 83.94976040891994 59.05230443197353 82.34976040891995 57.45230443197353 0.38969249799998806 0.44218256700003167 319.706011682
148 65.83107643234742 59.05230443197353 64.23107643234742 57.45230443197353 0.4856925779999983 0.44215002700002515 320.53931405
149 75.03254292977493 59.05230443197353 73.43254292977494 57.45230443197353 0.39876728599995204 0.43309668900002407 321.468892766
150 80.64636879617386 59.05230443197353 79.04636879617387 57.45230443197353 0.7412720799999875 0.44095596299996487 322.302221053
