"function evaluation" "current f(x)" "best-so-far f(x)" "current af(x)+b" "best af(x)+b" acq_opt_time model_fit_time cum_iteration_time
1 382.2711673051201 382.2711673051201 1382.2711673051201 1382.2711673051201 None None None
2 1154.2706677682972 382.2711673051201 2154.2706677682972 1382.2711673051201 None None None
3 1440.8516157333024 382.2711673051201 2440.8516157333024 1382.2711673051201 None None None
4 1499.1093326544192 382.2711673051201 2499.109332654419 1382.2711673051201 None None None
5 790.9797558686655 382.2711673051201 1790.9797558686655 1382.2711673051201 None None None
6 601.7665841491689 382.2711673051201 1601.766584149169 1382.2711673051201 None None None
7 625.2866627700735 382.2711673051201 1625.2866627700735 1382.2711673051201 None None None
8 1390.7446658021618 382.2711673051201 2390.7446658021618 1382.2711673051201 None None None
9 1182.8379375434001 382.2711673051201 2182.8379375434 1382.2711673051201 None None None
10 793.3961343763744 382.2711673051201 1793.3961343763744 1382.2711673051201 None None None
11 1343.5652320391082 382.2711673051201 2343.565232039108 1382.2711673051201 0.9280794100000005 0.2896898219999997 0
12 1401.950321717146 382.2711673051201 2401.950321717146 1382.2711673051201 0.45033356900000143 0.5226665860000006 7.567218948
13 1180.0363811956163 382.2711673051201 2180.0363811956163 1382.2711673051201 0.9170357540000005 0.6180547589999996 8.54088501
14 597.1221086295591 382.2711673051201 1597.122108629559 1382.2711673051201 0.910555403 0.5183685589999989 10.077357928
15 533.9674381737977 382.2711673051201 1533.9674381737977 1382.2711673051201 1.0699910170000013 0.3327978660000017 11.507821551
16 1080.0980954811675 382.2711673051201 2080.0980954811675 1382.2711673051201 0.570938421000001 0.363955283000001 12.912173868
17 872.3847208767006 382.2711673051201 1872.3847208767006 1382.2711673051201 0.5357292850000004 0.4385805670000007 13.848471166
18 674.8998757023569 382.2711673051201 1674.899875702357 1382.2711673051201 0.5209483490000011 0.5744661440000005 14.82420989
19 760.9511652347094 382.2711673051201 1760.9511652347094 1382.2711673051201 0.6666686859999977 0.45352167100000074 15.920929302
20 634.4074977467567 382.2711673051201 1634.4074977467567 1382.2711673051201 0.30873792799999933 0.46000957799999753 17.05726706
21 929.4812662800391 382.2711673051201 1929.481266280039 1382.2711673051201 0.20386757099999997 0.25726527799999843 17.827470378
22 477.5090971333809 382.2711673051201 1477.509097133381 1382.2711673051201 0.7750648479999995 0.2943060519999996 18.289856213
23 662.4033370004704 382.2711673051201 1662.4033370004704 1382.2711673051201 0.19256818299999878 0.3241294850000003 19.360843806
24 1626.4956611267653 382.2711673051201 2626.4956611267653 1382.2711673051201 0.30987648800000045 0.4335144359999994 19.878957618
25 2750.1389087326725 382.2711673051201 3750.1389087326725 1382.2711673051201 0.37287992999999986 0.5872920829999977 20.624035868
26 1599.659175621402 382.2711673051201 2599.659175621402 1382.2711673051201 0.8448228170000007 0.9800248859999989 21.585542626
27 1141.1646929295557 382.2711673051201 2141.1646929295557 1382.2711673051201 0.8029556289999995 0.5538290339999996 23.413292244
28 538.0162081121912 382.2711673051201 1538.0162081121912 1382.2711673051201 0.42954428999999905 0.7082530419999991 24.771095003
29 655.343387818305 382.2711673051201 1655.343387818305 1382.2711673051201 0.1866927820000015 0.6042444230000008 25.910273117
30 1255.271018285007 382.2711673051201 2255.271018285007 1382.2711673051201 0.3790777609999978 1.6150787589999993 26.702345388
31 848.4391989566889 382.2711673051201 1848.4391989566889 1382.2711673051201 0.5200707009999981 0.5436647709999995 28.697383082
32 808.4049548692424 382.2711673051201 1808.4049548692424 1382.2711673051201 0.3665721750000017 1.2786924299999995 29.762162599
33 970.9884757309842 382.2711673051201 1970.9884757309842 1382.2711673051201 0.4904123899999959 0.5909541180000026 31.408617635
34 560.5389883780817 382.2711673051201 1560.5389883780817 1382.2711673051201 0.29400069200000445 0.32795847599999917 32.491392573
35 2334.517901377954 382.2711673051201 3334.517901377954 1382.2711673051201 0.2992165710000023 0.2975940919999971 33.11496479
36 1858.576681929685 382.2711673051201 2858.576681929685 1382.2711673051201 0.28365207299999895 0.2843960830000043 33.713169175
37 808.1183359326774 382.2711673051201 1808.1183359326774 1382.2711673051201 0.32180855800000074 0.3536680010000026 34.282699095
38 975.0235027970109 382.2711673051201 1975.023502797011 1382.2711673051201 0.20769655599999481 0.33421883399999786 34.959577244
39 801.0635320894835 382.2711673051201 1801.0635320894835 1382.2711673051201 0.20447627300000448 0.2662262170000034 35.502880352
40 566.5524787161346 382.2711673051201 1566.5524787161346 1382.2711673051201 0.21398609700000293 0.2731089830000002 35.975062658
41 1980.9744303468083 382.2711673051201 2980.9744303468083 1382.2711673051201 0.21420419100000032 0.2780142089999984 36.463457981
42 713.5679860788443 382.2711673051201 1713.5679860788443 1382.2711673051201 0.2048748269999976 0.26689658299999763 36.956922856
43 1229.1793262862284 382.2711673051201 2229.1793262862284 1382.2711673051201 0.30285410500000154 0.3012732609999986 37.43019643
44 761.8256630518836 382.2711673051201 1761.8256630518836 1382.2711673051201 0.24514744300000046 0.27951473200000265 38.0357267
45 1140.5382394233775 382.2711673051201 2140.5382394233775 1382.2711673051201 0.23161914800000005 0.358633999999995 38.561758574
46 1244.2912198837212 382.2711673051201 2244.291219883721 1382.2711673051201 0.21455950700000415 0.28083023499999626 39.1534174
47 660.0316232296614 382.2711673051201 1660.0316232296614 1382.2711673051201 0.3015843849999982 0.31292234299999677 39.650359811
48 727.9174864921197 382.2711673051201 1727.9174864921197 1382.2711673051201 0.21004193400000304 0.5785736289999974 40.26635894
49 468.74791232930147 382.2711673051201 1468.7479123293015 1382.2711673051201 0.2072068830000049 0.4666437000000059 41.056287588
50 628.3947494388258 382.2711673051201 1628.3947494388258 1382.2711673051201 0.4269237700000019 0.31847499799999923 41.73152603
51 603.1469013314995 382.2711673051201 1603.1469013314995 1382.2711673051201 0.22637516300000016 0.35588103600000665 42.478431212
52 1078.830637756736 382.2711673051201 2078.830637756736 1382.2711673051201 0.2684546260000005 0.4034379779999995 43.062348611
53 1138.3553588974837 382.2711673051201 2138.3553588974837 1382.2711673051201 0.29707260100000354 0.31244678399999515 43.735683494
54 688.1943970144107 382.2711673051201 1688.1943970144107 1382.2711673051201 0.3029130110000011 0.3054865619999987 44.346566188
55 1988.7376949395684 382.2711673051201 2988.7376949395684 1382.2711673051201 0.2609048059999992 0.2960268359999958 44.956300818
56 503.3028534713103 382.2711673051201 1503.3028534713103 1382.2711673051201 0.20475151099999778 0.3745826259999987 45.514960877
57 1292.7171423567556 382.2711673051201 2292.7171423567556 1382.2711673051201 0.3490803329999963 0.3696004479999999 46.095642197
58 2201.9407354195146 382.2711673051201 3201.9407354195146 1382.2711673051201 0.3038473359999969 0.4021726950000044 46.815709584
59 400.3516062535027 382.2711673051201 1400.3516062535027 1382.2711673051201 0.21379079000000445 0.2936456440000015 47.523114237
60 3619.272059150475 382.2711673051201 4619.272059150475 1382.2711673051201 0.21321989599999824 0.2797038839999999 48.031853057
61 2552.713515081485 382.2711673051201 3552.713515081485 1382.2711673051201 0.2159926839999997 0.2800851659999992 48.526054465
62 1308.7199577400156 382.2711673051201 2308.7199577400156 1382.2711673051201 0.3149282249999956 0.3146004970000007 49.023417813
63 703.0857863344731 382.2711673051201 1703.0857863344731 1382.2711673051201 0.5130082080000022 0.2955898889999986 49.654394235
64 761.2209072192695 382.2711673051201 1761.2209072192695 1382.2711673051201 0.5751134280000016 1.4900851740000007 50.464420052
65 583.0325990842339 382.2711673051201 1583.0325990842339 1382.2711673051201 0.8823248989999968 0.8164618819999987 52.540580037
66 1573.6711943749997 382.2711673051201 2573.6711943749997 1382.2711673051201 0.2108952719999948 0.34333759199999747 54.240840282
67 464.75797843210967 382.2711673051201 1464.7579784321097 1382.2711673051201 0.29621037900000147 0.32525699899999694 54.796609189
68 665.3304276665908 382.2711673051201 1665.3304276665908 1382.2711673051201 0.9606872640000006 0.6204197480000033 55.419388174
69 623.3325836506413 382.2711673051201 1623.3325836506413 1382.2711673051201 0.5331487609999996 0.6488955280000042 57.001945417
70 863.0227107463224 382.2711673051201 1863.0227107463224 1382.2711673051201 0.34761248399999545 0.3314475029999997 58.185376019
71 666.8463034924403 382.2711673051201 1666.8463034924403 1382.2711673051201 0.30112511499999783 0.8437775800000011 58.865889523
72 359.80178536722406 359.80178536722406 1359.801785367224 1359.801785367224 0.28379925200000145 1.6291810680000012 60.012364844
73 435.9512466686101 359.80178536722406 1435.95124666861 1359.801785367224 0.9136743850000002 1.6228672680000003 61.926961649
74 666.6904117747656 359.80178536722406 1666.6904117747656 1359.801785367224 0.3123730650000027 0.7966947310000023 64.467389395
75 827.231555890809 359.80178536722406 1827.231555890809 1359.801785367224 0.22969723100000294 0.2860481839999949 65.577826334
76 758.9295117452748 359.80178536722406 1758.9295117452748 1359.801785367224 0.3333308079999995 0.33285096799998826 66.094829414
77 403.24326326888513 359.80178536722406 1403.2432632688851 1359.801785367224 0.23098412000000224 0.31080350199999884 66.762472395
78 683.0564879150006 359.80178536722406 1683.0564879150006 1359.801785367224 0.5286627029999948 0.6661420610000022 67.305646249
79 763.9879865617363 359.80178536722406 1763.9879865617363 1359.801785367224 0.3018793620000082 1.1824134639999926 68.501802438
80 1232.5863965723734 359.80178536722406 2232.5863965723734 1359.801785367224 0.574654620000004 0.6679033150000038 69.98868287
81 1121.2980580520616 359.80178536722406 2121.2980580520616 1359.801785367224 0.3049966640000008 1.080225886000008 71.232674288
82 600.0728738875791 359.80178536722406 1600.0728738875791 1359.801785367224 0.4221673930000094 1.5727659309999922 72.619299965
83 919.7032725083682 359.80178536722406 1919.7032725083682 1359.801785367224 0.3182695239999873 1.3856462789999995 74.616723493
84 3211.253109815504 359.80178536722406 4211.253109815504 1359.801785367224 0.6179435430000098 1.1916122149999921 76.321719551
85 915.4580739164965 359.80178536722406 1915.4580739164965 1359.801785367224 0.30152660900000683 1.1901826440000036 78.136849795
86 465.4272189035114 359.80178536722406 1465.4272189035114 1359.801785367224 1.2084723990000015 1.1302382429999938 79.629936126
87 531.5636870255103 359.80178536722406 1531.5636870255103 1359.801785367224 0.3425318870000069 0.7382217350000104 81.969587753
88 423.3541427107916 359.80178536722406 1423.3541427107916 1359.801785367224 0.7768123970000005 1.7340938259999916 83.051469062
89 643.3119371997227 359.80178536722406 1643.3119371997227 1359.801785367224 1.0099257180000052 2.7165220750000003 85.56374307
90 836.2655002049064 359.80178536722406 1836.2655002049064 1359.801785367224 0.463986417000001 0.6635412830000007 89.291735991
91 508.5206861518086 359.80178536722406 1508.5206861518086 1359.801785367224 0.9463972699999914 3.3620383699999934 90.420602156
92 549.5177644855016 359.80178536722406 1549.5177644855016 1359.801785367224 0.6129514629999875 0.6490974329999943 94.72957006
93 758.6445410343017 359.80178536722406 1758.6445410343017 1359.801785367224 0.3627253089999982 0.4225581379999994 95.992893114
94 678.9830726290168 359.80178536722406 1678.9830726290168 1359.801785367224 0.406577096999996 0.6233809009999902 96.779312429
95 1062.794894994564 359.80178536722406 2062.794894994564 1359.801785367224 0.6591952520000035 0.9255886809999936 97.810668849
96 355.36717549522655 355.36717549522655 1355.3671754952265 1355.3671754952265 0.6215232149999963 2.075235832000004 99.396798048
97 135.4983048648155 135.4983048648155 1135.4983048648155 1135.4983048648155 0.4612549290000061 0.6949231359999999 102.094627394
98 1157.6211555564305 135.4983048648155 2157.6211555564305 1135.4983048648155 1.511638782999995 1.0231678029999927 103.252168913
99 1142.60468219013 135.4983048648155 2142.60468219013 1135.4983048648155 1.1846088960000003 1.5888493309999916 105.788750985
100 817.5240188422099 135.4983048648155 1817.52401884221 1135.4983048648155 0.2465183799999977 0.7599030679999998 108.56522897
101 407.20194866152974 135.4983048648155 1407.2019486615297 1135.4983048648155 0.5851643879999955 3.020850865 109.573618632
102 1406.6919107149452 135.4983048648155 2406.691910714945 1135.4983048648155 0.47037414500000807 0.5989140940000084 113.180931247
103 491.46241662256034 135.4983048648155 1491.4624166225603 1135.4983048648155 0.4978759029999935 0.6291712430000018 114.251726187
104 361.58558349428995 135.4983048648155 1361.58558349429 1135.4983048648155 0.6606945579999888 0.7541019500000061 115.380294737
105 647.2427778582639 135.4983048648155 1647.242777858264 1135.4983048648155 0.4608611569999965 0.8951944540000056 116.796351275
106 381.6258005922932 135.4983048648155 1381.6258005922932 1135.4983048648155 1.2126422620000028 2.1377793349999905 118.154141114
107 734.3902411902723 135.4983048648155 1734.3902411902723 1135.4983048648155 0.4557069100000035 2.0212158260000024 121.506034064
108 701.8287823395362 135.4983048648155 1701.8287823395362 1135.4983048648155 1.9364379470000017 0.6224960699999968 123.984431426
109 848.1824522570607 135.4983048648155 1848.1824522570607 1135.4983048648155 2.0224456239999995 1.176564323000008 126.575569398
110 447.6459380703868 135.4983048648155 1447.6459380703868 1135.4983048648155 1.411478270999993 1.1047108870000102 129.775015384
111 761.5094240760129 135.4983048648155 1761.509424076013 1135.4983048648155 1.233882359000006 1.1986673229999951 132.292073619
112 817.15554342018 135.4983048648155 1817.15554342018 1135.4983048648155 0.6615978519999999 2.1099255389999882 134.726183447
113 654.8619122025971 135.4983048648155 1654.861912202597 1135.4983048648155 0.5950170739999976 1.6947031769999796 137.49935517
114 1580.715897944745 135.4983048648155 2580.715897944745 1135.4983048648155 1.7132034410000188 5.975923280999979 139.790755108
115 398.97257481982024 135.4983048648155 1398.9725748198202 1135.4983048648155 2.711214427999977 1.1335410579999916 147.487510234
116 540.399821918334 135.4983048648155 1540.399821918334 1135.4983048648155 1.7953169969999863 0.9938517820000072 151.333139448
117 710.2280473091798 135.4983048648155 1710.2280473091798 1135.4983048648155 0.2324647369999866 8.665509866000008 154.124169828
118 552.2469350067363 135.4983048648155 1552.2469350067363 1135.4983048648155 0.3499266279999915 0.3791454109999961 163.023656944
119 1079.74333897303 135.4983048648155 2079.74333897303 1135.4983048648155 0.2540778590000059 0.4680595949999997 163.754177113
120 311.17811274876317 135.4983048648155 1311.1781127487632 1135.4983048648155 0.34807386699998233 0.5027781590000018 164.477881691
121 377.2351452462194 135.4983048648155 1377.2351452462194 1135.4983048648155 0.35623546799999417 0.5537778460000027 165.330503669
122 965.0642497516824 135.4983048648155 1965.0642497516824 1135.4983048648155 0.3801421490000223 0.3900084050000032 166.242000408
123 384.7823269775324 135.4983048648155 1384.7823269775324 1135.4983048648155 0.4040000070000076 0.7012775040000179 167.01373228
124 488.710495823517 135.4983048648155 1488.710495823517 1135.4983048648155 0.2726473690000262 0.5308198560000221 168.120570646
125 699.8777329315258 135.4983048648155 1699.8777329315258 1135.4983048648155 0.3735203790000128 0.5057758610000178 168.925794691
126 399.9868083073279 135.4983048648155 1399.986808307328 1135.4983048648155 0.26979966799999033 0.35997423599999934 169.80664747
127 494.16149562130454 135.4983048648155 1494.1614956213045 1135.4983048648155 1.408134940999986 1.215906858000011 170.438047418
128 315.89240357966037 135.4983048648155 1315.8924035796604 1135.4983048648155 1.504201342000016 1.6616700839999794 173.065484068
129 1232.6335686022876 135.4983048648155 2232.6335686022876 1135.4983048648155 0.24820729800001118 0.3319629759999998 176.232700716
130 327.9130818102435 135.4983048648155 1327.9130818102435 1135.4983048648155 0.8204076830000133 1.0106112240000016 176.814273854
131 1317.235662998759 135.4983048648155 2317.235662998759 1135.4983048648155 0.6424645440000063 2.036970351000008 178.646762052
132 499.2346077140587 135.4983048648155 1499.2346077140587 1135.4983048648155 0.8293304310000167 3.361513306000006 181.327246505
133 640.1157566596012 135.4983048648155 1640.1157566596012 1135.4983048648155 0.7639995209999881 0.769930990000006 185.519517636
134 1080.6111605511896 135.4983048648155 2080.6111605511896 1135.4983048648155 1.2158707499999934 13.121025370000012 187.054996281
135 429.9022490935795 135.4983048648155 1429.9022490935795 1135.4983048648155 0.3312428979999993 4.233577754999999 201.39338015
136 415.6054866803663 135.4983048648155 1415.6054866803663 1135.4983048648155 0.5435544439999944 0.5955258379999862 205.959533373
137 579.9733192659883 135.4983048648155 1579.9733192659883 1135.4983048648155 0.524342254000004 1.7804613139999788 207.100059906
138 337.49817921077533 135.4983048648155 1337.4981792107753 1135.4983048648155 0.8290316189999771 1.0309230099999809 209.406564986
139 983.7875820946606 135.4983048648155 1983.7875820946606 1135.4983048648155 0.2646631879999859 0.5970535200000029 211.267944459
140 498.3532611095584 135.4983048648155 1498.3532611095584 1135.4983048648155 0.2746558790000222 0.5148059930000102 212.131252267
141 481.1402853211125 135.4983048648155 1481.1402853211125 1135.4983048648155 0.40499536999999464 0.4212713860000008 212.922251752
142 495.26210718132484 135.4983048648155 1495.2621071813248 1135.4983048648155 0.28354961800002343 0.7330260779999946 213.750291461
143 1778.6708699751098 135.4983048648155 2778.67086997511 1135.4983048648155 0.28207618600001183 0.5719243879999851 214.768437111
144 426.38067957525345 135.4983048648155 1426.3806795752535 1135.4983048648155 0.33354756399998564 1.0444433520000018 215.624210821
145 591.471669815835 135.4983048648155 1591.471669815835 1135.4983048648155 0.2742619869999885 0.37204517999998643 217.003761133
146 321.7917668232951 135.4983048648155 1321.7917668232951 1135.4983048648155 0.4030523589999859 0.4377243280000016 217.651667664
147 465.69422156202927 135.4983048648155 1465.6942215620293 1135.4983048648155 0.6111803160000022 0.41439271600000893 218.493947979
148 308.65843073320866 135.4983048648155 1308.6584307332087 1135.4983048648155 0.40010773500000596 0.47391625299999873 219.521098296
149 342.9145838643615 135.4983048648155 1342.9145838643615 1135.4983048648155 0.39725771700000223 0.4262520839999979 220.396911746
150 716.4591692879385 135.4983048648155 1716.4591692879385 1135.4983048648155 0.42324613800002453 0.4271350050000251 221.221994561
