"function evaluation" "current f(x)" "best-so-far f(x)" "current af(x)+b" "best af(x)+b" acq_opt_time model_fit_time cum_iteration_time
1 228544.77006749786 228544.77006749786 228693.92006749785 228693.92006749785 None None None
2 420440.14611304435 228544.77006749786 420589.2961130444 228693.92006749785 None None None
3 245002.2117890036 228544.77006749786 245151.3617890036 228693.92006749785 None None None
4 55439.98357093898 55439.98357093898 55589.13357093898 55589.13357093898 None None None
5 333942.02121534856 55439.98357093898 334091.1712153486 55589.13357093898 None None None
6 470943.70559844165 55439.98357093898 471092.8555984417 55589.13357093898 None None None
7 297577.54134478833 55439.98357093898 297726.69134478836 55589.13357093898 None None None
8 489212.399898953 55439.98357093898 489361.549898953 55589.13357093898 None None None
9 292678.8920586991 55439.98357093898 292828.0420586991 55589.13357093898 None None None
10 689864.0631425864 55439.98357093898 690013.2131425864 55589.13357093898 None None None
11 221988.62438242714 55439.98357093898 222137.77438242713 55589.13357093898 0.9212585630000003 0.25052098400000045 0
12 158163.4047371028 55439.98357093898 158312.5547371028 55589.13357093898 0.23910747699999924 0.560478325 7.820294007
13 252746.81443961346 55439.98357093898 252895.96443961345 55589.13357093898 0.5646748549999998 0.6285055350000004 8.621104474
14 149359.23318633816 55439.98357093898 149508.38318633815 55589.13357093898 0.2680455500000001 0.6183877869999996 9.815028591
15 463584.9013885765 55439.98357093898 463734.0513885765 55589.13357093898 0.27528459100000013 0.525238732 10.702317275
16 345204.6285710739 55439.98357093898 345353.7785710739 55589.13357093898 0.4872067730000005 0.24000327999999982 11.504138052
17 163868.62650642867 55439.98357093898 164017.77650642867 55589.13357093898 0.6537719370000001 0.2865518139999992 12.232490964
18 131017.82837164472 55439.98357093898 131166.9783716447 55589.13357093898 0.6120566610000004 0.7645520799999996 13.173914286
19 170464.99903633597 55439.98357093898 170614.14903633596 55589.13357093898 0.5801115980000002 0.6585548760000002 14.551731647
20 174304.8877814304 55439.98357093898 174454.0377814304 55589.13357093898 0.5857376369999976 0.7010617979999996 15.792341787
21 117520.540918208 55439.98357093898 117669.690918208 55589.13357093898 0.351727094000001 0.6017121890000006 17.080828778
22 134262.0330286713 55439.98357093898 134411.1830286713 55589.13357093898 0.3245928150000026 0.6570482019999986 18.035598319
23 109279.93685562008 55439.98357093898 109429.08685562007 55589.13357093898 0.19189944000000025 0.31236631599999853 19.019847594
24 341554.93555400864 55439.98357093898 341704.08555400866 55589.13357093898 0.19712956999999776 0.24187962699999943 19.525545817
25 345879.4484223016 55439.98357093898 346028.59842230164 55589.13357093898 0.28749669699999814 0.28035874900000124 19.965847194
26 166458.72711911506 55439.98357093898 166607.87711911506 55589.13357093898 0.28485989900000064 0.28043862299999844 20.535003289
27 113340.49930533214 55439.98357093898 113489.64930533213 55589.13357093898 0.2904433900000001 0.26570910899999944 21.101752319
28 213855.12819252026 55439.98357093898 214004.27819252026 55589.13357093898 0.2897930389999992 0.8672595540000003 21.659403803
29 91989.52682159087 55439.98357093898 92138.67682159087 55589.13357093898 0.21404141100000018 0.29234303499999825 22.817328619
30 583399.8695440106 55439.98357093898 583549.0195440106 55589.13357093898 0.21442171700000046 0.27318166099999885 23.325254513
31 116622.08800290996 55439.98357093898 116771.23800290996 55589.13357093898 0.30460338500000006 0.3042548839999988 23.814255649
32 219786.72570021337 55439.98357093898 219935.87570021336 55589.13357093898 0.21385078999999863 0.2793822869999971 24.42439002
33 141216.57108471738 55439.98357093898 141365.72108471737 55589.13357093898 0.3115807470000007 0.307726057 24.918985273
34 49694.88786979834 49694.88786979834 49844.03786979834 49844.03786979834 0.37707232900000065 0.5871927479999997 25.539734086
35 336550.26831062254 49694.88786979834 336699.41831062257 49844.03786979834 0.5016751220000017 0.6302156399999994 26.505330248
36 293258.82502259716 49694.88786979834 293407.9750225972 49844.03786979834 0.48745048199999985 0.6138918889999978 27.638356227
37 139392.88798632496 49694.88786979834 139542.03798632495 49844.03786979834 0.21554206000000065 0.28959711299999924 28.741264796
38 143072.36160530386 49694.88786979834 143221.51160530385 49844.03786979834 0.30541925300000017 0.3023746629999984 29.247809805
39 554828.6156389447 49694.88786979834 554977.7656389447 49844.03786979834 0.21210326200000296 0.2692030719999998 29.857054905
40 115423.13134084748 49694.88786979834 115572.28134084748 49844.03786979834 0.20984387800000093 0.28297375 30.339582393
41 163682.57012560658 49694.88786979834 163831.72012560657 49844.03786979834 0.303119774999999 0.3023965870000005 30.833681013
42 86916.13731342148 49694.88786979834 87065.28731342148 49844.03786979834 0.29896463800000106 0.30355338500000073 31.440542102
43 511094.5859911058 49694.88786979834 511243.73599110584 49844.03786979834 0.29926765900000163 0.3131960119999988 32.044351963
44 108856.52774254442 49694.88786979834 109005.67774254442 49844.03786979834 0.15526419799999758 0.5175218669999992 32.657984671
45 103351.75473730011 49694.88786979834 103500.90473730011 49844.03786979834 0.23526079799999877 0.9359220609999994 33.331803732
46 177724.3900119105 49694.88786979834 177873.5400119105 49844.03786979834 0.21067283000000003 0.2752073159999995 34.504522921
47 153051.44936161002 49694.88786979834 153200.59936161002 49844.03786979834 0.2210235199999957 0.27079350300000016 34.991715844
48 192078.90288899574 49694.88786979834 192228.05288899573 49844.03786979834 0.2167976950000039 1.367270099999999 35.48493642
49 80265.73927420542 49694.88786979834 80414.88927420542 49844.03786979834 0.5136404440000035 0.5477504050000022 37.070506195
50 91063.09945729542 49694.88786979834 91212.24945729542 49844.03786979834 0.20109713699999787 0.47935085200000316 38.133051009
51 299945.2391540818 49694.88786979834 300094.3891540818 49844.03786979834 0.6003952960000021 0.2586137970000024 38.814842784
52 598173.8244596424 49694.88786979834 598322.9744596424 49844.03786979834 0.46103665300000074 1.4960389889999988 39.675013928
53 422858.39728703536 49694.88786979834 423007.5472870354 49844.03786979834 0.7763353940000002 0.7883200190000039 41.63361413
54 111062.74912865245 49694.88786979834 111211.89912865244 49844.03786979834 0.2054842950000051 0.28417823299999867 43.19923229
55 192003.55868633455 49694.88786979834 192152.70868633455 49844.03786979834 0.2290085899999994 0.2658418019999971 43.690247899
56 449260.9505350403 49694.88786979834 449410.1005350403 49844.03786979834 0.5650682369999984 0.31044322600000385 44.186445428
57 182261.16966497307 49694.88786979834 182410.31966497307 49844.03786979834 0.46638305800000524 0.5809031209999986 45.064481537
58 247760.78569263464 49694.88786979834 247909.93569263464 49844.03786979834 0.3900154740000019 2.1080482529999998 46.112872522
59 48599.084627795564 48599.084627795564 48748.234627795566 48748.234627795566 0.8649135249999986 0.7405086730000008 48.611835986
60 85656.87998278718 48599.084627795564 85806.02998278718 48748.234627795566 0.2105387140000019 0.35404774999999944 50.218811809
61 163977.06695935596 48599.084627795564 164126.21695935595 48748.234627795566 0.21574656800000014 0.27150068099999913 50.784749796
62 63324.8202885847 48599.084627795564 63473.9702885847 48748.234627795566 0.22589303999999544 0.28573485700000134 51.273531299
63 689621.4289259032 48599.084627795564 689770.5789259032 48748.234627795566 0.309407813 0.32688665700000286 51.78649507
64 165538.76855266542 48599.084627795564 165687.91855266542 48748.234627795566 0.21939892900000046 0.29018096499999757 52.42415329
65 260789.185766031 48599.084627795564 260938.335766031 48748.234627795566 0.22070653300000487 0.2876525590000014 52.935104525
66 161251.612955488 48599.084627795564 161400.762955488 48748.234627795566 0.2201646600000018 0.2907626900000011 53.44491177
67 29307.374003146382 29307.374003146382 29456.524003146384 29456.524003146384 0.9835162660000023 0.7663847439999998 53.957195493
68 68357.60572248363 29307.374003146382 68506.75572248362 29456.524003146384 0.21077498199999667 1.221979165999997 55.70853082
69 110075.1587908952 29307.374003146382 110224.3087908952 29456.524003146384 0.7223905199999976 0.5447019049999966 57.142484954
70 36132.160576312075 29307.374003146382 36281.31057631208 29456.524003146384 0.20926372099999924 0.41067173700000126 58.410767978
71 229859.60786130631 29307.374003146382 230008.7578613063 29456.524003146384 0.21405491100000518 0.28958768100000043 59.032104183
72 300818.2758934164 29307.374003146382 300967.4258934164 29456.524003146384 0.31772258299999834 0.31983285799999805 59.537198412
73 145515.9650855796 29307.374003146382 145665.1150855796 29456.524003146384 0.29254593399999607 0.6950826949999964 60.176171528
74 240920.05020854028 29307.374003146382 241069.20020854028 29456.524003146384 0.2103083699999999 0.2817323789999975 61.165311435
75 44154.18420259223 29307.374003146382 44303.33420259223 29456.524003146384 0.20910630299999866 0.2830445830000059 61.65871799
76 153929.359326611 29307.374003146382 154078.509326611 29456.524003146384 0.23187521999999916 0.27871388200000524 62.152286013
77 44842.42790065643 29307.374003146382 44991.57790065643 29456.524003146384 0.2267584439999979 0.30230848600000115 62.664259713
78 85519.52132332063 29307.374003146382 85668.67132332062 29456.524003146384 0.3556173739999977 0.4878382930000029 63.194941056
79 145801.83161305927 29307.374003146382 145950.98161305927 29456.524003146384 0.456745226999999 7.746227959000009 64.03989799
80 368332.9727832949 29307.374003146382 368482.12278329494 29456.524003146384 0.2923262039999912 0.3374651470000032 72.244668555
81 287498.3843243348 29307.374003146382 287647.5343243348 29456.524003146384 0.3060730060000054 0.3073879690000041 72.875785818
82 35592.7170976262 29307.374003146382 35741.8670976262 29456.524003146384 0.3204505230000052 0.34968729999999937 73.490833077
83 246007.3454915537 29307.374003146382 246156.49549155368 29456.524003146384 0.33332267900000545 0.3325562429999991 74.163096954
84 54848.95822210094 29307.374003146382 54998.10822210094 29456.524003146384 0.47495005500000786 0.30515222600000413 74.830381603
85 287710.9887326315 29307.374003146382 287860.1387326315 29456.524003146384 0.3575413199999957 0.6928116650000078 75.611354633
86 27227.623908839938 27227.623908839938 27376.77390883994 27376.77390883994 0.22266262899999845 0.4879358689999975 76.663021115
87 29464.294754387007 27227.623908839938 29613.44475438701 27376.77390883994 0.22217363699999737 1.1592763870000056 77.374981919
88 93960.10632330594 27227.623908839938 94109.25632330593 27376.77390883994 1.0676568479999986 0.7504380370000092 78.758132712
89 70939.03070015047 27227.623908839938 71088.18070015046 27376.77390883994 0.8020837840000041 1.6642484120000063 80.577599805
90 45533.67513511824 27227.623908839938 45682.82513511824 27376.77390883994 0.3286311459999922 0.8401902569999891 83.045012423
91 102064.95321409455 27227.623908839938 102214.10321409455 27376.77390883994 0.7690060789999933 0.550098896999998 84.217566376
92 20303.4484679217 20303.4484679217 20452.5984679217 20452.5984679217 0.7954270820000033 0.5451565799999969 85.538553856
93 97794.46913249034 20303.4484679217 97943.61913249033 20452.5984679217 0.4414568600000024 1.1084324189999961 86.880346598
94 41273.34863387084 20303.4484679217 41422.49863387084 20452.5984679217 0.7049819810000031 1.3219090819999906 88.431333956
95 112585.02089424664 20303.4484679217 112734.17089424664 20452.5984679217 0.515685419999997 0.42809511500000497 90.459314063
96 152624.0512634607 20303.4484679217 152773.20126346068 20452.5984679217 0.4967661579999998 0.8276278980000029 91.404228475
97 26396.144586555507 20303.4484679217 26545.29458655551 20452.5984679217 0.4915296610000013 0.3487715509999987 92.729602803
98 20018.705505709262 20018.705505709262 20167.855505709264 20167.855505709264 0.5685874929999954 0.36817121299999656 93.571032982
99 227909.91824366632 20018.705505709262 228059.06824366632 20167.855505709264 0.48630626399999244 0.7703716980000053 94.509103015
100 50571.77582010412 20018.705505709262 50720.92582010412 20167.855505709264 1.5713952790000008 0.3702593299999961 95.766934832
101 34266.75244259729 20018.705505709262 34415.90244259729 20167.855505709264 2.037177251000003 0.8519109489999863 97.709613849
102 219161.9515024617 20018.705505709262 219311.1015024617 20167.855505709264 1.1599331630000052 2.006115675999993 100.599717742
103 53631.49436021981 20018.705505709262 53780.64436021981 20167.855505709264 2.352972432999991 1.3645128590000013 103.771013457
104 140597.35947556165 20018.705505709262 140746.50947556164 20167.855505709264 2.3085951229999893 1.4157142399999998 107.489640082
105 121916.21919804884 20018.705505709262 122065.36919804884 20167.855505709264 1.701474171000001 1.347572857000003 111.216532344
106 49253.3388495872 20018.705505709262 49402.4888495872 20167.855505709264 2.34387270900001 2.295115406000008 114.266601671
107 93803.21564201494 20018.705505709262 93952.36564201493 20167.855505709264 1.4407646599999993 0.7454278809999977 118.907032085
108 44138.68217841714 20018.705505709262 44287.83217841714 20167.855505709264 1.0421088230000066 0.8489182919999934 121.094658503
109 91808.82299378281 20018.705505709262 91957.97299378281 20167.855505709264 2.1205233140000104 0.8579085960000015 122.987896472
110 209316.17612835768 20018.705505709262 209465.32612835767 20167.855505709264 2.403300969 1.139883912000002 125.967338786
111 36986.19108167693 20018.705505709262 37135.34108167693 20167.855505709264 1.6401231590000123 1.6785703830000216 129.511818131
112 123124.79558531816 20018.705505709262 123273.94558531816 20167.855505709264 2.229792100999987 1.1512126549999948 132.832071517
113 49499.15370993336 20018.705505709262 49648.30370993336 20167.855505709264 0.9059955019999961 0.9286961630000121 136.214326079
114 76387.96797252174 20018.705505709262 76537.11797252174 20167.855505709264 0.8616454410000074 6.339566483999988 138.050133396
115 22893.39478836149 20018.705505709262 23042.54478836149 20167.855505709264 1.9118913519999978 0.9095271570000136 145.253161085
116 149314.8635379932 20018.705505709262 149464.0135379932 20167.855505709264 3.546602727999982 4.542924674999995 148.076209073
117 91400.74421101392 20018.705505709262 91549.89421101392 20167.855505709264 1.5316666009999835 1.160038118000017 156.167633594
118 70030.49944833628 20018.705505709262 70179.64944833628 20167.855505709264 1.2727882149999914 1.0443232229999921 158.86054863
119 70778.85259738917 20018.705505709262 70928.00259738916 20167.855505709264 0.9988252820000127 0.8989820490000113 161.178568608
120 35497.25345378051 20018.705505709262 35646.40345378051 20167.855505709264 0.7727244140000096 9.041183688000018 163.077439289
121 175373.64795404449 20018.705505709262 175522.79795404448 20167.855505709264 1.6658096380000131 6.063029717000006 172.893177829
122 165146.04059767688 20018.705505709262 165295.19059767688 20167.855505709264 1.9330837460000225 1.518803169000023 180.622874433
123 93329.89870129191 20018.705505709262 93479.0487012919 20167.855505709264 2.352321262000004 1.920570435000002 184.081318868
124 73658.19083440324 20018.705505709262 73807.34083440324 20167.855505709264 2.461537136000004 2.4534220900000037 188.357143531
125 70335.40850281138 20018.705505709262 70484.55850281137 20167.855505709264 0.7971393189999958 2.295047366999995 193.273296545
126 250951.70175199522 20018.705505709262 251100.85175199521 20167.855505709264 2.341102085000017 16.482908383999984 196.366934031
127 132358.91698266947 20018.705505709262 132508.06698266946 20167.855505709264 1.6608926359999998 12.194030568000017 215.192125572
128 159149.6989325719 20018.705505709262 159298.84893257188 20167.855505709264 1.7995525360000215 1.6580298290000144 229.051058664
129 156531.06708359515 20018.705505709262 156680.21708359514 20167.855505709264 1.1458967810000047 1.377528519000009 232.510256604
130 36169.328034108556 20018.705505709262 36318.47803410856 20167.855505709264 1.0640090850000092 1.583297894999987 235.034912373
131 97319.34828858054 20018.705505709262 97468.49828858054 20167.855505709264 1.190057610999986 1.1358033269999908 237.684232658
132 41163.00740972707 20018.705505709262 41312.15740972707 20167.855505709264 1.835316827000014 1.670190515999991 240.01159466
133 60184.985427913394 20018.705505709262 60334.135427913396 20167.855505709264 0.9016349309999896 9.381568832 243.518432707
134 10989.868983096672 10989.868983096672 11139.018983096672 11139.018983096672 1.2672709330000202 1.6389008280000041 253.802878907
135 163810.24841366007 10989.868983096672 163959.39841366006 11139.018983096672 1.0545572120000202 1.8741629909999915 256.710792833
136 124221.69157877898 10989.868983096672 124370.84157877897 11139.018983096672 2.306288913000003 1.5843774029999622 259.640698412
137 143068.0628462646 10989.868983096672 143217.2128462646 11139.018983096672 1.107258580000007 5.940037661999952 263.534440937
138 139471.12833607095 10989.868983096672 139620.27833607094 11139.018983096672 1.0042796590000194 1.2975048679999759 270.583017705
139 459646.99064731004 10989.868983096672 459796.14064731007 11139.018983096672 0.25059525500000746 0.5498074100000281 272.886489233
140 218555.23508694957 10989.868983096672 218704.38508694957 11139.018983096672 0.908438593000028 0.9046230319999609 273.688371084
141 200524.56602321827 10989.868983096672 200673.71602321827 11139.018983096672 1.4606960309999977 10.722725679999996 275.504749083
142 35712.372427237635 10989.868983096672 35861.522427237636 11139.018983096672 0.6083734119999917 1.8489452610000399 287.689543497
143 240782.2431848406 10989.868983096672 240931.3931848406 11139.018983096672 0.6933979610000165 0.9866001379999716 290.148382341
144 269982.4873762161 10989.868983096672 270131.6373762161 11139.018983096672 0.4448034929999949 1.0586251290000064 291.829827162
145 69459.2951027038 10989.868983096672 69608.4451027038 11139.018983096672 0.5461023149999846 4.625612499999988 293.334373522
146 201145.3990770191 10989.868983096672 201294.5490770191 11139.018983096672 0.5734182669999655 0.7571833829999832 298.507904408
147 283161.0082937881 10989.868983096672 283310.15829378815 11139.018983096672 1.1498894929999892 0.9203265360000046 299.839950563
148 130860.4514471818 10989.868983096672 131009.60144718179 11139.018983096672 1.0954090820000033 1.1973991620000106 301.911797907
149 112558.07394217748 10989.868983096672 112707.22394217747 11139.018983096672 0.4092203280000035 1.7787993700000015 304.206326314
150 100550.73285321113 10989.868983096672 100699.88285321112 11139.018983096672 0.5434688540000252 0.42124077200003285 306.395805048
