"function evaluation" "current f(x)" "best-so-far f(x)" "current af(x)+b" "best af(x)+b" acq_opt_time model_fit_time cum_iteration_time
1 86.3621436454871 86.3621436454871 396.9821436454871 396.9821436454871 None None None
2 81.57071602020557 81.57071602020557 392.19071602020557 392.19071602020557 None None None
3 74.65350506359664 74.65350506359664 385.27350506359664 385.27350506359664 None None None
4 80.6883215942641 74.65350506359664 391.3083215942641 385.27350506359664 None None None
5 76.74883258980793 74.65350506359664 387.36883258980794 385.27350506359664 None None None
6 84.07548429788659 74.65350506359664 394.6954842978866 385.27350506359664 None None None
7 78.42341681055387 74.65350506359664 389.0434168105539 385.27350506359664 None None None
8 77.65702830628084 74.65350506359664 388.27702830628084 385.27350506359664 None None None
9 82.19691367925031 74.65350506359664 392.8169136792503 385.27350506359664 None None None
10 86.25520644361995 74.65350506359664 396.87520644361996 385.27350506359664 None None None
11 85.57329816186598 74.65350506359664 396.193298161866 385.27350506359664 0.15831765200000003 0.16878772500000006 0
12 85.57329816186598 74.65350506359664 396.193298161866 385.27350506359664 0.1590368259999999 0.2048121730000001 3.486169662
13 85.57329816186598 74.65350506359664 396.193298161866 385.27350506359664 0.19142251800000043 0.27383677900000025 3.851158767
14 85.57329816186598 74.65350506359664 396.193298161866 385.27350506359664 0.3702655030000006 0.26207354299999963 4.317626246
15 85.57329816186598 74.65350506359664 396.193298161866 385.27350506359664 0.27243396099999995 0.2719427330000004 4.951618417
16 85.57329816186598 74.65350506359664 396.193298161866 385.27350506359664 0.4781631830000004 0.25459700200000057 5.497220757
17 85.57329816186598 74.65350506359664 396.193298161866 385.27350506359664 0.5644904639999995 0.49206113600000023 6.231499286
18 85.57329816186598 74.65350506359664 396.193298161866 385.27350506359664 0.3316846479999995 0.4466362899999998 7.289756757
19 85.57329816186598 74.65350506359664 396.193298161866 385.27350506359664 0.38426719799999987 0.6082652149999994 8.069520533
20 85.57329816186598 74.65350506359664 396.193298161866 385.27350506359664 0.34917207500000025 0.6327238379999987 9.063561239
21 85.57329816186598 74.65350506359664 396.193298161866 385.27350506359664 0.31284640599999847 0.366642452999999 10.046989819
22 85.57329816186598 74.65350506359664 396.193298161866 385.27350506359664 0.5433555559999999 0.3193878839999993 10.728803337
23 85.57329816186598 74.65350506359664 396.193298161866 385.27350506359664 0.3868081109999988 0.6066108220000004 11.5933895
24 85.57329816186598 74.65350506359664 396.193298161866 385.27350506359664 0.32006557799999946 0.43535508299999925 12.588295551
25 85.57329816186598 74.65350506359664 396.193298161866 385.27350506359664 0.202559217000001 0.2991446179999997 13.345331979
26 85.57329816186598 74.65350506359664 396.193298161866 385.27350506359664 0.20247994400000024 0.26370691999999885 13.848388249
27 85.57329816186598 74.65350506359664 396.193298161866 385.27350506359664 0.41410445799999884 0.4282498480000001 14.315895588
28 85.57329816186598 74.65350506359664 396.193298161866 385.27350506359664 0.3826758969999986 0.5694139489999994 15.159794297
29 85.57329816186598 74.65350506359664 396.193298161866 385.27350506359664 0.47303693200000296 1.0305386709999986 16.113496794
30 85.57329816186598 74.65350506359664 396.193298161866 385.27350506359664 0.22074606500000016 0.31355466300000145 17.618645821
31 85.57329816186598 74.65350506359664 396.193298161866 385.27350506359664 0.23141812599999767 0.31052662700000155 18.154397888
32 85.57329816186598 74.65350506359664 396.193298161866 385.27350506359664 0.2183677390000014 0.28024571899999984 18.697746643
33 85.57329816186598 74.65350506359664 396.193298161866 385.27350506359664 0.3145611819999985 0.31580207600000065 19.19776333
34 85.57329816186598 74.65350506359664 396.193298161866 385.27350506359664 0.21306121200000305 0.27247719000000004 19.829491168
35 85.57329816186598 74.65350506359664 396.193298161866 385.27350506359664 0.20654945900000143 0.28732959899999955 20.31639242
36 85.57329816186598 74.65350506359664 396.193298161866 385.27350506359664 0.29788369499999945 0.3076114160000003 20.81301951
37 85.57329816186598 74.65350506359664 396.193298161866 385.27350506359664 0.22080734500000077 0.26547259800000234 21.41986255
38 85.57329816186598 74.65350506359664 396.193298161866 385.27350506359664 0.7600968269999981 0.3141289560000011 21.907554333
39 85.57329816186598 74.65350506359664 396.193298161866 385.27350506359664 0.23689528999999965 0.3127904569999984 22.983418784
40 85.57329816186598 74.65350506359664 396.193298161866 385.27350506359664 0.23140672799999962 0.31227276700000317 23.534557401
41 85.57329816186598 74.65350506359664 396.193298161866 385.27350506359664 0.2171327120000015 0.27140291099999914 24.079799166
42 85.57329816186598 74.65350506359664 396.193298161866 385.27350506359664 0.30925219199999887 0.3048903870000004 24.569874994
43 85.57329816186598 74.65350506359664 396.193298161866 385.27350506359664 0.20815176099999988 0.3384236170000001 25.185429959
44 85.57329816186598 74.65350506359664 396.193298161866 385.27350506359664 0.2192481519999987 0.6922441980000009 25.733532006
45 85.57329816186598 74.65350506359664 396.193298161866 385.27350506359664 0.23114932300000035 0.2743702070000005 26.646436165
46 85.57329816186598 74.65350506359664 396.193298161866 385.27350506359664 0.30067641699999825 0.33643873400000146 27.153781904
47 85.57329816186598 74.65350506359664 396.193298161866 385.27350506359664 0.2990398110000001 0.2987213709999992 27.792236135
48 85.57329816186598 74.65350506359664 396.193298161866 385.27350506359664 0.29792359200000007 0.30647330200000056 28.391357799
49 85.57329816186598 74.65350506359664 396.193298161866 385.27350506359664 0.21434405799999823 0.26790686300000033 28.997117564
50 85.57329816186598 74.65350506359664 396.193298161866 385.27350506359664 0.5534356779999996 0.3030265340000007 29.480803096
51 85.57329816186598 74.65350506359664 396.193298161866 385.27350506359664 0.3877984560000023 0.4438590980000008 30.339793397
52 85.57329816186598 74.65350506359664 396.193298161866 385.27350506359664 0.228314558000001 0.3182096130000005 31.17297865
53 85.57329816186598 74.65350506359664 396.193298161866 385.27350506359664 0.22557008999999795 0.28354988799999603 31.721134096
54 85.57329816186598 74.65350506359664 396.193298161866 385.27350506359664 0.3016374660000025 0.302566573 32.231682076
55 85.57329816186598 74.65350506359664 396.193298161866 385.27350506359664 0.2227318900000057 0.29104886999999735 32.837411002
56 85.57329816186598 74.65350506359664 396.193298161866 385.27350506359664 0.4629216319999969 0.2899394479999984 33.352640753
57 85.57329816186598 74.65350506359664 396.193298161866 385.27350506359664 0.2908813720000012 0.6174670580000026 34.107134854
58 85.57329816186598 74.65350506359664 396.193298161866 385.27350506359664 0.22226506199999818 1.106603371999995 35.016904516
59 85.57329816186598 74.65350506359664 396.193298161866 385.27350506359664 0.3666913650000012 0.370616198999997 36.347379618
60 85.57329816186598 74.65350506359664 396.193298161866 385.27350506359664 0.6431032119999998 1.0764138760000037 37.086003344
61 85.57329816186598 74.65350506359664 396.193298161866 385.27350506359664 0.22271503599999676 0.373384209000001 38.80649999
62 85.57329816186598 74.65350506359664 396.193298161866 385.27350506359664 0.3130849439999963 0.31712736000000064 39.404018575
63 85.57329816186598 74.65350506359664 396.193298161866 385.27350506359664 0.24089848300000227 0.32678717400000323 40.035631395
64 85.57329816186598 74.65350506359664 396.193298161866 385.27350506359664 0.5506438540000005 0.36966119200000236 40.60480428
65 85.57329816186598 74.65350506359664 396.193298161866 385.27350506359664 0.37283127399999927 3.0814470210000025 41.526569044
66 85.57329816186598 74.65350506359664 396.193298161866 385.27350506359664 0.20706932999999594 0.26913394600000373 44.982133905
67 85.57329816186598 74.65350506359664 396.193298161866 385.27350506359664 0.2080864699999978 0.27624510700000116 45.459663083
68 85.57329816186598 74.65350506359664 396.193298161866 385.27350506359664 0.2244041400000043 0.2857902279999962 45.945499546
69 85.57329816186598 74.65350506359664 396.193298161866 385.27350506359664 0.22715884800000197 0.2861730019999982 46.457115137
70 85.57329816186598 74.65350506359664 396.193298161866 385.27350506359664 0.2240765780000018 0.287675372999999 46.971955286
71 85.57329816186598 74.65350506359664 396.193298161866 385.27350506359664 0.22454538599999552 0.2953630489999952 47.485065173
72 85.57329816186598 74.65350506359664 396.193298161866 385.27350506359664 0.5421039230000062 0.4787995120000019 48.006584326
73 85.57329816186598 74.65350506359664 396.193298161866 385.27350506359664 0.43387288800000334 2.885906061 49.028992245
74 85.57329816186598 74.65350506359664 396.193298161866 385.27350506359664 0.5007664310000024 0.5480248530000011 52.349924772
75 85.57329816186598 74.65350506359664 396.193298161866 385.27350506359664 0.5171653680000006 0.6328491639999996 53.399927635
76 85.57329816186598 74.65350506359664 396.193298161866 385.27350506359664 0.21581095300000186 1.0113870859999992 54.551232635
77 85.57329816186598 74.65350506359664 396.193298161866 385.27350506359664 0.21702542200000607 0.276257686000001 55.779847936
78 85.57329816186598 74.65350506359664 396.193298161866 385.27350506359664 0.3210981699999991 0.29385298300000073 56.274618749
79 85.57329816186598 74.65350506359664 396.193298161866 385.27350506359664 0.41489268099999776 0.3332773339999946 56.8915184
80 85.57329816186598 74.65350506359664 396.193298161866 385.27350506359664 0.22109316000000234 0.5381961490000009 57.641164237
81 85.57329816186598 74.65350506359664 396.193298161866 385.27350506359664 0.3030499250000034 0.3672303100000036 58.402010079
82 85.57329816186598 74.65350506359664 396.193298161866 385.27350506359664 0.24946313200000247 0.31499031799999955 59.073753047
83 85.57329816186598 74.65350506359664 396.193298161866 385.27350506359664 0.3297216040000066 0.3505682649999997 59.639879469
84 85.57329816186598 74.65350506359664 396.193298161866 385.27350506359664 0.23207830999999857 0.3066430489999945 60.322052069
85 85.57329816186598 74.65350506359664 396.193298161866 385.27350506359664 0.23493210499999861 0.2996020590000015 60.862323088
86 85.57329816186598 74.65350506359664 396.193298161866 385.27350506359664 0.23992160199999546 0.30408540599999867 61.398269577
87 85.57329816186598 74.65350506359664 396.193298161866 385.27350506359664 0.3454772879999979 0.34452207900000076 61.943929098
88 85.57329816186598 74.65350506359664 396.193298161866 385.27350506359664 0.32733054799999906 0.5534621239999993 62.635418402
89 85.57329816186598 74.65350506359664 396.193298161866 385.27350506359664 0.6056523740000017 1.0598720760000049 63.517521964
90 85.57329816186598 74.65350506359664 396.193298161866 385.27350506359664 0.5400758459999935 0.7963236629999955 65.184434128
91 85.57329816186598 74.65350506359664 396.193298161866 385.27350506359664 0.3434677389999905 1.0301110160000064 66.522274829
92 85.57329816186598 74.65350506359664 396.193298161866 385.27350506359664 0.2449069709999918 0.3030192340000042 67.897464534
93 85.57329816186598 74.65350506359664 396.193298161866 385.27350506359664 0.3590264199999922 0.3472580629999982 68.446881042
94 85.57329816186598 74.65350506359664 396.193298161866 385.27350506359664 0.45090989899999556 0.369120984999995 69.154730234
95 85.57329816186598 74.65350506359664 396.193298161866 385.27350506359664 0.3618453950000031 0.3865912660000106 69.97619771
96 85.57329816186598 74.65350506359664 396.193298161866 385.27350506359664 0.3533545220000036 0.3483847309999959 70.726113409
97 85.57329816186598 74.65350506359664 396.193298161866 385.27350506359664 0.3016164420000109 0.3188083980000016 71.429259787
98 85.57329816186598 74.65350506359664 396.193298161866 385.27350506359664 0.6425407189999959 0.7874357200000048 72.051452229
99 85.57329816186598 74.65350506359664 396.193298161866 385.27350506359664 0.6886463029999987 0.7141384199999976 73.483034797
100 85.57329816186598 74.65350506359664 396.193298161866 385.27350506359664 0.7500194929999964 0.7002345599999984 74.887398029
101 85.57329816186598 74.65350506359664 396.193298161866 385.27350506359664 0.5406240420000046 0.6611092509999992 76.339283087
102 85.57329816186598 74.65350506359664 396.193298161866 385.27350506359664 0.36489669399999514 0.6880462180000109 77.542931512
103 85.57329816186598 74.65350506359664 396.193298161866 385.27350506359664 0.3901907820000048 0.3837695960000076 78.597519325
104 85.57329816186598 74.65350506359664 396.193298161866 385.27350506359664 0.26169174500000736 0.3531948419999935 79.373071356
105 85.57329816186598 74.65350506359664 396.193298161866 385.27350506359664 0.2656271269999877 0.3597099340000085 79.98949029
106 85.57329816186598 74.65350506359664 396.193298161866 385.27350506359664 0.2500274619999914 0.3318034969999957 80.616591111
107 85.57329816186598 74.65350506359664 396.193298161866 385.27350506359664 0.25024572300000614 0.3334023900000034 81.199880485
108 85.57329816186598 74.65350506359664 396.193298161866 385.27350506359664 0.25819616399999745 0.6303425660000102 81.785222498
109 85.57329816186598 74.65350506359664 396.193298161866 385.27350506359664 0.348155749 0.35935447399999987 82.675409258
110 85.57329816186598 74.65350506359664 396.193298161866 385.27350506359664 0.34498694500000227 0.35027767500000095 83.384359897
111 85.57329816186598 74.65350506359664 396.193298161866 385.27350506359664 0.2414097489999989 0.3220355410000053 84.081070497
112 85.57329816186598 74.65350506359664 396.193298161866 385.27350506359664 0.35225766300000316 0.3904237309999985 84.646224225
113 85.57329816186598 74.65350506359664 396.193298161866 385.27350506359664 0.6184107059999917 0.6167126300000092 85.390352508
114 85.57329816186598 74.65350506359664 396.193298161866 385.27350506359664 0.5714841420000027 1.042458370999995 86.62697314
115 85.57329816186598 74.65350506359664 396.193298161866 385.27350506359664 0.797668103999996 0.8244671210000121 88.243510344
116 85.57329816186598 74.65350506359664 396.193298161866 385.27350506359664 0.5118333960000001 0.742819205999993 89.867267369
117 85.57329816186598 74.65350506359664 396.193298161866 385.27350506359664 0.7424630590000021 0.8353635670000017 91.123380117
118 85.57329816186598 74.65350506359664 396.193298161866 385.27350506359664 0.8440318760000025 0.8576832269999954 92.703120107
119 85.57329816186598 74.65350506359664 396.193298161866 385.27350506359664 0.5005703449999999 1.189737847999993 94.406354675
120 85.57329816186598 74.65350506359664 396.193298161866 385.27350506359664 0.6054754629999906 0.7009436019999953 96.098267024
121 85.57329816186598 74.65350506359664 396.193298161866 385.27350506359664 0.5748993020000057 1.2283562340000032 97.408334841
122 85.57329816186598 74.65350506359664 396.193298161866 385.27350506359664 0.5685581959999979 0.6676949699999994 99.212828695
123 85.57329816186598 74.65350506359664 396.193298161866 385.27350506359664 0.6282030619999972 0.7824698600000062 100.450567843
124 85.57329816186598 74.65350506359664 396.193298161866 385.27350506359664 0.23944119399999408 1.5652341660000104 101.862718233
125 85.57329816186598 74.65350506359664 396.193298161866 385.27350506359664 0.24914474099999495 0.3829242789999938 103.668814437
126 85.57329816186598 74.65350506359664 396.193298161866 385.27350506359664 0.3144139869999947 0.39587287900000945 104.30264556
127 85.57329816186598 74.65350506359664 396.193298161866 385.27350506359664 0.36326505300000633 0.4654144269999989 105.014514914
128 85.57329816186598 74.65350506359664 396.193298161866 385.27350506359664 0.254128381000001 0.44129384200000743 105.844809879
129 85.57329816186598 74.65350506359664 396.193298161866 385.27350506359664 0.24636131399999783 0.33091769700000384 106.541684535
130 85.57329816186598 74.65350506359664 396.193298161866 385.27350506359664 0.24649836799999036 0.33656771799999774 107.120353847
131 85.57329816186598 74.65350506359664 396.193298161866 385.27350506359664 0.2546428039999995 0.49329482799998914 107.704830418
132 85.57329816186598 74.65350506359664 396.193298161866 385.27350506359664 0.2577758510000052 0.5561618259999932 108.45438057
133 85.57329816186598 74.65350506359664 396.193298161866 385.27350506359664 0.24691628699999058 0.32910100400000886 109.269894008
134 85.57329816186598 74.65350506359664 396.193298161866 385.27350506359664 0.2603973359999969 0.3410518689999975 109.847330243
135 85.57329816186598 74.65350506359664 396.193298161866 385.27350506359664 0.37629046200000005 0.3907371850000061 110.450493141
136 85.57329816186598 74.65350506359664 396.193298161866 385.27350506359664 0.2620664819999945 0.5325528780000042 111.218960653
137 85.57329816186598 74.65350506359664 396.193298161866 385.27350506359664 0.44491183399999557 0.371374478000007 112.015056811
138 85.57329816186598 74.65350506359664 396.193298161866 385.27350506359664 0.2642848130000033 0.3648262740000092 112.832877404
139 85.57329816186598 74.65350506359664 396.193298161866 385.27350506359664 0.25607314399999836 0.34789367099999424 113.4634673
140 85.57329816186598 74.65350506359664 396.193298161866 385.27350506359664 0.2748313969999998 0.5086930819999935 114.06883002
141 85.57329816186598 74.65350506359664 396.193298161866 385.27350506359664 0.4403328249999987 0.40523362899999427 114.853884077
142 85.57329816186598 74.65350506359664 396.193298161866 385.27350506359664 0.2622134749999958 0.3913269340000056 115.701359747
143 85.57329816186598 74.65350506359664 396.193298161866 385.27350506359664 0.2794895990000015 0.5152104739999999 116.356385862
144 85.57329816186598 74.65350506359664 396.193298161866 385.27350506359664 0.38787791000000027 0.5724455469999867 117.152873694
145 85.57329816186598 74.65350506359664 396.193298161866 385.27350506359664 0.26580260200000794 0.35568414099999757 118.114714916
146 85.57329816186598 74.65350506359664 396.193298161866 385.27350506359664 0.28657960900000035 0.49514646900000514 118.737680129
147 85.57329816186598 74.65350506359664 396.193298161866 385.27350506359664 0.2700554390000036 0.4856048059999978 119.520948229
148 85.57329816186598 74.65350506359664 396.193298161866 385.27350506359664 0.26639262000000485 0.4787692600000071 120.278095853
149 85.57329816186598 74.65350506359664 396.193298161866 385.27350506359664 0.2667593789999927 0.3617248359999934 121.024755082
150 85.57329816186598 74.65350506359664 396.193298161866 385.27350506359664 0.2856608629999897 0.36497198600000047 121.654713357
