"function evaluation" "current f(x)" "best-so-far f(x)" "current af(x)+b" "best af(x)+b" acq_opt_time model_fit_time cum_iteration_time
1 18.234601444533126 18.234601444533126 97.71460144453313 97.71460144453313 None None None
2 18.44895863565064 18.234601444533126 97.92895863565064 97.71460144453313 None None None
3 29.173141510295935 18.234601444533126 108.65314151029594 97.71460144453313 0.024504254000000003 0.03716490600000011 0
4 30.910251009868034 18.234601444533126 110.39025100986804 97.71460144453313 0.025171469000000002 0.06818870599999993 4.152704663
5 46.338279657226266 18.234601444533126 125.81827965722627 97.71460144453313 0.029019186000000197 0.07007286300000004 4.247324474
6 0.7024282991793172 0.7024282991793172 80.18242829917932 80.18242829917932 0.03316364800000038 0.07493657300000045 4.34766707
7 27.5504369474384 0.7024282991793172 107.0304369474384 80.18242829917932 0.038119098999999323 0.07698931100000017 4.457068317
8 25.073689413543534 0.7024282991793172 104.55368941354354 80.18242829917932 0.03720981900000009 0.07604904400000034 4.573758084
9 6.440033632272417 0.7024282991793172 85.92003363227242 80.18242829917932 0.02906445299999927 0.07403277600000013 4.69036759
10 5.764975031308495 0.7024282991793172 85.2449750313085 80.18242829917932 0.031604961999999404 0.08751350400000035 4.794893125
11 14.998143266973557 0.7024282991793172 94.47814326697356 80.18242829917932 0.03352926399999934 0.08077674500000054 4.915980692
12 3.079098178914464 0.7024282991793172 82.55909817891447 80.18242829917932 0.04253099599999999 0.08048707400000055 5.031901878
13 15.82001615558218 0.7024282991793172 95.30001615558218 80.18242829917932 0.049741529000000284 0.12538169399999965 5.156802613
14 45.88981553398857 0.7024282991793172 125.36981553398857 80.18242829917932 0.039905999000000136 0.09048391200000072 5.334094232
15 10.426682161617947 0.7024282991793172 89.90668216161795 80.18242829917932 0.03333758300000067 0.08323724899999974 5.466156281
16 9.487841568851849 0.7024282991793172 88.96784156885185 80.18242829917932 0.03257859799999974 0.08439730700000059 5.58426415
17 22.494063630921133 0.7024282991793172 101.97406363092114 80.18242829917932 0.035693089000000455 0.08675284599999955 5.702808257
18 30.66106295527588 0.7024282991793172 110.14106295527588 80.18242829917932 0.041503003999999954 0.0967307660000003 5.826820486
19 20.972413975500203 0.7024282991793172 100.4524139755002 80.18242829917932 0.05368969800000034 0.12769379800000014 5.966993245
20 60.44209407999999 0.7024282991793172 139.92209408 80.18242829917932 0.04190787299999954 0.1047185310000005 6.150810865
21 26.033203669658135 0.7024282991793172 105.51320366965814 80.18242829917932 0.0368626919999997 0.10654127600000063 6.299418643
22 37.95425371244899 0.7024282991793172 117.43425371244899 80.18242829917932 0.038378703000000236 0.09716391199999919 6.444602909
23 10.933197723980001 0.7024282991793172 90.41319772398 80.18242829917932 0.04640177599999973 0.1000378959999999 6.581865803
24 1.688205876765906 0.7024282991793172 81.16820587676591 80.18242829917932 0.039117164000000315 0.10907190200000016 6.730597108
25 24.787984084954743 0.7024282991793172 104.26798408495475 80.18242829917932 0.03948423900000009 0.09958411900000019 6.881077026
26 6.973559149141025 0.7024282991793172 86.45355914914103 80.18242829917932 0.03874159600000038 0.10309616099999985 7.022367032
27 16.53410579118419 0.7024282991793172 96.01410579118419 80.18242829917932 0.03811870300000031 0.10105162199999995 7.166193118
28 1.0643132593162505 0.7024282991793172 80.54431325931625 80.18242829917932 0.059899869999999744 0.12630356899999917 7.307203916
29 39.66017182424575 0.7024282991793172 119.14017182424575 80.18242829917932 0.041886700000000054 0.13467961699999975 7.496297241
30 6.039669684702488 0.7024282991793172 85.51966968470249 80.18242829917932 0.04152360700000024 0.10844206099999987 7.675225487
31 13.840516133060675 0.7024282991793172 93.32051613306068 80.18242829917932 0.04353511899999951 0.10723150400000048 7.827195858
32 20.936050928790607 0.7024282991793172 100.41605092879061 80.18242829917932 0.041439130000000546 0.1079475229999991 7.979858201
33 13.63185670330526 0.7024282991793172 93.11185670330526 80.18242829917932 0.041947455000000744 0.1087743139999997 8.131280449
34 28.37350906130716 0.7024282991793172 107.85350906130716 80.18242829917932 0.041411396999999184 0.10780932900000018 8.283909772
35 36.417066018200984 0.7024282991793172 115.89706601820099 80.18242829917932 0.04236289099999979 0.11131957199999931 8.435277226
36 61.42980598486916 0.7024282991793172 140.90980598486917 80.18242829917932 0.041507707999999255 0.10825814200000039 8.590961068
37 10.331332222426013 0.7024282991793172 89.81133222242602 80.18242829917932 0.042871662000001365 0.10924888999999993 8.742649026
38 18.75872053826764 0.7024282991793172 98.23872053826764 80.18242829917932 0.056167641000000046 0.10974041699999937 8.896688319
39 37.306094079999994 0.7024282991793172 116.78609408 80.18242829917932 0.04146113500000048 0.11851458199999954 9.065020594
40 11.61382436241972 0.7024282991793172 91.09382436241972 80.18242829917932 0.041664264999999645 0.12821365799999995 9.227339856
41 4.6730256596585775 0.7024282991793172 84.15302565965858 80.18242829917932 0.04155331200000134 0.11186433800000017 9.399231159
42 13.50370680014774 0.7024282991793172 92.98370680014774 80.18242829917932 0.04109507100000087 0.11088329400000063 9.554768327
43 7.3552068226692455 0.7024282991793172 86.83520682266925 80.18242829917932 0.041336833000000794 0.10876722699999952 9.708889354
44 13.905111421561188 0.7024282991793172 93.38511142156119 80.18242829917932 0.04212726799999977 0.11115685499999906 9.861341554
45 25.467598877081215 0.7024282991793172 104.94759887708122 80.18242829917932 0.041416252999999514 0.1102878650000001 10.016507253
46 3.489187093828207 0.7024282991793172 82.96918709382821 80.18242829917932 0.044428966999999986 0.11114836199999978 10.170775468
47 0.3809321503571965 0.3809321503571965 79.8609321503572 79.8609321503572 0.04376350399999929 0.11741674199999963 10.328324938
48 20.368789994598444 0.3809321503571965 99.84878999459845 79.8609321503572 0.04370695199999908 0.11699446299999927 10.491605766
49 41.81556446421695 0.3809321503571965 121.29556446421695 79.8609321503572 0.0486233200000008 0.12613757599999964 10.654670826
50 17.083232767446518 0.3809321503571965 96.56323276744652 79.8609321503572 0.0458521619999992 0.1247939450000004 10.832703866
51 30.085945077702817 0.3809321503571965 109.56594507770282 79.8609321503572 0.0431837220000002 0.11864369599999947 11.006374274
52 6.256539195084912 0.3809321503571965 85.73653919508492 79.8609321503572 0.044398380000000515 0.11953216799999922 11.17021436
53 28.27739807531553 0.3809321503571965 107.75739807531554 79.8609321503572 0.045424842000000965 0.11766374199999952 11.336724777
54 40.334467937033466 0.3809321503571965 119.81446793703347 79.8609321503572 0.04087631800000047 0.12066346800000005 11.502157856
55 11.14261820053511 0.3809321503571965 90.62261820053511 79.8609321503572 0.040894723000000965 0.11495443699999974 11.665993739
56 11.912794679072121 0.3809321503571965 91.39279467907213 79.8609321503572 0.04388865700000011 0.11653791900000066 11.823800963
57 25.883992372869685 0.3809321503571965 105.36399237286969 79.8609321503572 0.04316920199999963 0.11679007999999946 11.986263799
58 5.776668918971225 0.3809321503571965 85.25666891897123 79.8609321503572 0.048769381999999695 0.11407422100000097 12.148602619
59 47.32708124274042 0.3809321503571965 126.80708124274042 79.8609321503572 0.04205557800000115 0.12226175700000042 12.313487166
60 2.8023293847160033 0.3809321503571965 82.28232938471601 79.8609321503572 0.042028335999999555 0.11479880799999975 12.479830052
61 41.5051568249214 0.3809321503571965 120.9851568249214 79.8609321503572 0.043148673000001025 0.1363332580000005 12.638849811
62 17.25228028782847 0.3809321503571965 96.73228028782847 79.8609321503572 0.041982580999999186 0.11471785099999998 12.820876948
63 21.613533925052025 0.3809321503571965 101.09353392505203 79.8609321503572 0.04125790500000015 0.12021083800000021 12.980519417
64 24.553045478585645 0.3809321503571965 104.03304547858565 79.8609321503572 0.04319177300000021 0.11637874499999867 13.144005192
65 25.198506854199366 0.3809321503571965 104.67850685419937 79.8609321503572 0.04130895599999995 0.11707001499999947 13.305595768
66 21.015614912394923 0.3809321503571965 100.49561491239493 79.8609321503572 0.040376816000000204 0.12345497899999991 13.465919745
67 20.742195877216332 0.3809321503571965 100.22219587721634 79.8609321503572 0.042477493999999894 0.11912190700000025 13.631746746
68 21.366023632722843 0.3809321503571965 100.84602363272285 79.8609321503572 0.04164995800000071 0.12230946300000056 13.796212013
69 13.47966031575514 0.3809321503571965 92.95966031575514 79.8609321503572 0.042047865000000684 0.12059390000000114 13.962120135
70 13.74172274537544 0.3809321503571965 93.22172274537544 79.8609321503572 0.04154332399999916 0.1208093520000002 14.126699536
