"function evaluation" "current f(x)" "best-so-far f(x)" "current af(x)+b" "best af(x)+b" acq_opt_time model_fit_time cum_iteration_time
1 2200.813931017229 2200.813931017229 1200.8139310172292 1200.8139310172292 None None None
2 186321.45911736734 2200.813931017229 185321.45911736734 1200.8139310172292 None None None
3 4233.847507100569 2200.813931017229 3233.8475071005687 1200.8139310172292 0.019902480999999916 0.02141516199999982 0
4 3808.64898326831 2200.813931017229 2808.64898326831 1200.8139310172292 0.022150603000000046 0.04399242499999989 3.042667306
5 3484.7056499914297 2200.813931017229 2484.7056499914297 1200.8139310172292 0.07970087299999973 0.04251597099999982 3.109683832
6 3417.1656854581556 2200.813931017229 2417.1656854581556 1200.8139310172292 0.027927404000000156 0.047465068000000166 3.234188772
7 3175.1760818602647 2200.813931017229 2175.1760818602647 1200.8139310172292 0.03586474399999995 0.04221633700000016 3.31051759
8 2952.4879391387653 2200.813931017229 1952.4879391387653 1200.8139310172292 0.02912329999999974 0.042654618000000255 3.389542119
9 2668.1824600126 2200.813931017229 1668.1824600126001 1200.8139310172292 0.025164157999999937 0.042830323000000003 3.461981544
10 2994.402863089928 2200.813931017229 1994.402863089928 1200.8139310172292 0.024885464000000024 0.043802110000000116 3.530998879
11 2797.4675950293813 2200.813931017229 1797.4675950293813 1200.8139310172292 0.024518379000000312 0.041712142000000174 3.600697792
12 2453.9796900730475 2200.813931017229 1453.9796900730475 1200.8139310172292 0.026325749999999815 0.04465514500000012 3.667590869
13 2464.412384044851 2200.813931017229 1464.412384044851 1200.8139310172292 0.02463170899999989 0.04445142600000018 3.739299234
14 2570.136397659269 2200.813931017229 1570.1363976592688 1200.8139310172292 0.02860801100000021 0.046936585000000086 3.809387759
15 2333.0699683410535 2200.813931017229 1333.0699683410535 1200.8139310172292 0.025129964000000005 0.046837393000000116 3.885872157
16 2453.5107920029945 2200.813931017229 1453.5107920029945 1200.8139310172292 0.025203213999999363 0.04811428799999984 3.958921206
17 2268.7500509715665 2200.813931017229 1268.7500509715665 1200.8139310172292 0.025437952999999958 0.04898633399999941 4.033125882
18 2258.6972709585325 2200.813931017229 1258.6972709585325 1200.8139310172292 0.03531439400000025 0.06389943800000086 4.108427324
19 2305.3092938043064 2200.813931017229 1305.3092938043064 1200.8139310172292 0.026361233999999456 0.05117955500000004 4.208840525
20 2205.3309939236856 2200.813931017229 1205.3309939236856 1200.8139310172292 0.026038122000000108 0.05056540200000015 4.287388793
21 1567.1781476230683 1567.1781476230683 567.1781476230683 567.1781476230683 0.026036761000000297 0.050098573000000535 4.364916094
22 1901.7486135083889 1567.1781476230683 901.7486135083889 567.1781476230683 0.026192616000000335 0.051152555999999905 4.441993981
23 1514.5694144344732 1514.5694144344732 514.5694144344732 514.5694144344732 0.026906540999999784 0.05047858199999933 4.520297083
24 1462.8615415674851 1462.8615415674851 462.8615415674851 462.8615415674851 0.02596850900000014 0.052756183999999706 4.598666999
25 1612.027978969061 1462.8615415674851 612.027978969061 462.8615415674851 0.027913405999999696 0.053573881000000156 4.678522635
26 1882.238778737341 1462.8615415674851 882.2387787373409 462.8615415674851 0.02744754900000057 0.05273776199999958 4.760989382
27 2762.737539788441 1462.8615415674851 1762.7375397884412 462.8615415674851 0.02741384499999988 0.05372773499999983 4.842247489
28 2388.8271884225583 1462.8615415674851 1388.8271884225583 462.8615415674851 0.029612002999999554 0.05566263899999946 4.92438213
29 1794.3592902508783 1462.8615415674851 794.3592902508783 462.8615415674851 0.028693824000000312 0.05674268699999985 5.011135533
30 1959.1064998089269 1462.8615415674851 959.1064998089269 462.8615415674851 0.028847979000000024 0.05702817899999957 5.09779453
31 1693.8715385828116 1462.8615415674851 693.8715385828116 462.8615415674851 0.02888384600000027 0.05654614000000002 5.184856142
32 1350.1936582139203 1350.1936582139203 350.19365821392034 350.19365821392034 0.029427668000000295 0.05699413500000006 5.2714227
33 1600.782389368187 1350.1936582139203 600.7823893681871 350.19365821392034 0.029206853999999893 0.05599109400000035 5.358925304
34 1395.8229133492941 1350.1936582139203 395.82291334929414 350.19365821392034 0.028516607999999444 0.056735116000000474 5.445119054
35 1296.1874734552325 1296.1874734552325 296.1874734552325 296.1874734552325 0.02895518900000038 0.05713000499999943 5.531367667
36 1362.148376798331 1296.1874734552325 362.1483767983309 296.1874734552325 0.029012293000000078 0.056939698999999955 5.618454528
37 1689.4305746580887 1296.1874734552325 689.4305746580887 296.1874734552325 0.029413583000000187 0.05800918300000024 5.705391287
38 1343.7050790129188 1296.1874734552325 343.70507901291876 296.1874734552325 0.03916183099999948 0.05736904100000029 5.793811785
39 1248.388202564877 1248.388202564877 248.38820256487702 248.38820256487702 0.02876287600000005 0.05668566800000008 5.89136248
40 1154.258716517632 1154.258716517632 154.2587165176319 154.2587165176319 0.030201426999999725 0.0592799029999993 5.977814225
41 1217.8350820566525 1154.258716517632 217.83508205665248 154.2587165176319 0.03132229400000064 0.060155283999999476 6.06837202
42 1109.149276697828 1109.149276697828 109.1492766978281 109.1492766978281 0.03067732600000017 0.06069512599999971 6.160944462
43 1064.9406971996316 1064.9406971996316 64.94069719963159 64.94069719963159 0.031426522999999484 0.0598726850000002 6.2534123
44 1019.0357387345279 1019.0357387345279 19.035738734527854 19.035738734527854 0.0321339570000001 0.05978319299999946 6.345757447
45 937.7201206346848 937.7201206346848 -62.279879365315196 -62.279879365315196 0.030485641000000285 0.061281582000000334 6.438841781
46 897.1149824229167 897.1149824229167 -102.88501757708332 -102.88501757708332 0.030442683000000414 0.06026278100000049 6.531664484
47 4233.847507100569 897.1149824229167 3233.8475071005687 -102.88501757708332 0.03101004300000021 0.061861348999999954 6.623427494
48 858.7303929695802 858.7303929695802 -141.26960703041982 -141.26960703041982 0.039354375000000275 0.06097988899999951 6.717540791
49 4233.847507100569 858.7303929695802 3233.8475071005687 -141.26960703041982 0.03660872900000012 0.08318690200000045 6.818709297
50 4233.847507100569 858.7303929695802 3233.8475071005687 -141.26960703041982 0.03346999800000017 0.07237411699999985 6.939412382
51 4233.847507100569 858.7303929695802 3233.8475071005687 -141.26960703041982 0.03216446500000014 0.06892865799999992 7.046573431
52 4233.847507100569 858.7303929695802 3233.8475071005687 -141.26960703041982 0.031099764000000363 0.073646235 7.149105425
53 4233.847507100569 858.7303929695802 3233.8475071005687 -141.26960703041982 0.03149437999999982 0.06248496999999986 7.255303431
54 4233.847507100569 858.7303929695802 3233.8475071005687 -141.26960703041982 0.030716207000000217 0.0636812459999998 7.350363112
55 4233.847507100569 858.7303929695802 3233.8475071005687 -141.26960703041982 0.0308135079999996 0.06376137500000034 7.445937978
56 4233.847507100569 858.7303929695802 3233.8475071005687 -141.26960703041982 0.030508655000000218 0.06278081999999952 7.54165779
57 4233.847507100569 858.7303929695802 3233.8475071005687 -141.26960703041982 0.031178632999999678 0.06386296199999997 7.636059109
58 4233.847507100569 858.7303929695802 3233.8475071005687 -141.26960703041982 0.04304050399999948 0.06290657100000008 7.732151401
59 4233.847507100569 858.7303929695802 3233.8475071005687 -141.26960703041982 0.03072495999999969 0.06346879599999955 7.839284082
60 4233.847507100569 858.7303929695802 3233.8475071005687 -141.26960703041982 0.031107391999999123 0.0632838230000008 7.93478797
61 4233.847507100569 858.7303929695802 3233.8475071005687 -141.26960703041982 0.032851186000000254 0.06508652199999965 8.030245006
62 4233.847507100569 858.7303929695802 3233.8475071005687 -141.26960703041982 0.032706464000000324 0.06691308100000093 8.129546126
63 4233.847507100569 858.7303929695802 3233.8475071005687 -141.26960703041982 0.04059120199999988 0.0679346909999996 8.230281771
64 4233.847507100569 858.7303929695802 3233.8475071005687 -141.26960703041982 0.03367808399999994 0.07015791300000096 8.340159867
65 4233.847507100569 858.7303929695802 3233.8475071005687 -141.26960703041982 0.033041332999999895 0.06902232600000069 8.445414906
66 4233.847507100569 858.7303929695802 3233.8475071005687 -141.26960703041982 0.03163449100000015 0.06968611400000135 8.549023149
67 4233.847507100569 858.7303929695802 3233.8475071005687 -141.26960703041982 0.0316479489999999 0.06658935399999955 8.651410934
68 4233.847507100569 858.7303929695802 3233.8475071005687 -141.26960703041982 0.03255216600000033 0.06669173800000117 8.75083945
69 4233.847507100569 858.7303929695802 3233.8475071005687 -141.26960703041982 0.03181434699999919 0.0666122300000005 8.851354378
70 4233.847507100569 858.7303929695802 3233.8475071005687 -141.26960703041982 0.03160264200000107 0.06728713999999947 8.950894192
