"function evaluation" "current f(x)" "best-so-far f(x)" "current af(x)+b" "best af(x)+b" acq_opt_time model_fit_time cum_iteration_time
1 227600.84217536787 227600.84217536787 226600.84217536787 226600.84217536787 None None None
2 310029.37685828045 227600.84217536787 309029.37685828045 226600.84217536787 None None None
3 4233.847507100569 4233.847507100569 3233.8475071005687 3233.8475071005687 0.02144613299999998 0.022563649999999935 0
4 4147.006081690903 4147.006081690903 3147.0060816909026 3147.0060816909026 0.019978829999999892 0.03964302799999997 3.500492853
5 4061.0655166028437 4061.0655166028437 3061.0655166028437 3061.0655166028437 0.021953012999999633 0.04145334999999983 3.560879694
6 3976.0258118363913 3976.0258118363913 2976.0258118363913 2976.0258118363913 0.024741727999999963 0.049468352999999965 3.625095256
7 3863.0300890326553 3863.0300890326553 2863.0300890326553 2863.0300890326553 0.02636189 0.04844784699999982 3.700285335
8 3891.8869673915474 3863.0300890326553 2891.8869673915474 2863.0300890326553 0.024620478000000112 0.045625145000000256 3.777147809
9 3808.64898326831 3808.64898326831 2808.64898326831 2808.64898326831 0.023771897000000042 0.04429513099999971 3.84827054
10 3625.4644504742605 3625.4644504742605 2625.4644504742605 2625.4644504742605 0.023764610000000186 0.04543813199999969 3.917249612
11 3726.3118594666794 3625.4644504742605 2726.3118594666794 2625.4644504742605 0.02330734500000009 0.044808797999999594 3.98748704
12 3484.7056499914297 3484.7056499914297 2484.7056499914297 2484.7056499914297 0.02385548100000001 0.04457554999999935 4.056443988
13 3309.5801628477216 3309.5801628477216 2309.5801628477216 2309.5801628477216 0.023903685999999702 0.046044837999999366 4.125705919
14 3538.98870499295 3309.5801628477216 2538.98870499295 2309.5801628477216 0.0926450240000003 0.06366658700000016 4.196702005
15 3552.0079290625845 3309.5801628477216 2552.0079290625845 2309.5801628477216 0.02722090399999999 0.05093981300000028 4.354115358
16 3405.9719674762277 3309.5801628477216 2405.9719674762277 2309.5801628477216 0.02601901299999998 0.049359836999999906 4.433414121
17 3393.892979683087 3309.5801628477216 2393.892979683087 2309.5801628477216 0.025191285000000008 0.04935640600000024 4.509733938
18 3149.06564971321 3149.06564971321 2149.06564971321 2149.06564971321 0.04792225100000014 0.06115692399999961 4.585387471
19 3303.6167367348426 3149.06564971321 2303.6167367348426 2149.06564971321 0.02624156200000005 0.05441318000000006 4.695301235
20 3226.961134625354 3149.06564971321 2226.961134625354 2149.06564971321 0.02605422799999957 0.05106561900000006 4.777018235
21 3239.3814715900185 3149.06564971321 2239.3814715900185 2149.06564971321 0.026838252000000118 0.05046718699999975 4.85520006
22 3328.139145282633 3149.06564971321 2328.139145282633 2149.06564971321 0.027314614999999876 0.05300015300000016 4.933497888
23 3151.2063928374723 3149.06564971321 2151.2063928374723 2149.06564971321 0.02796767800000044 0.052417941000000745 5.014972682
24 3076.352511371198 3076.352511371198 2076.352511371198 2076.352511371198 0.027242575999999907 0.053298486999999284 5.096481636
25 3088.4734047833776 3076.352511371198 2088.4734047833776 2076.352511371198 0.027765074999999584 0.053400496000000075 5.178042871
26 3185.937785926622 3076.352511371198 2185.937785926622 2076.352511371198 0.02829638499999998 0.0531647469999994 5.260191782
27 3002.399490226531 3002.399490226531 2002.3994902265308 2002.3994902265308 0.027415502000000203 0.05701216300000045 5.342778557
28 3014.370661862468 3002.399490226531 2014.3706618624678 2002.3994902265308 0.02987452900000065 0.05577131099999999 5.42836081
29 1567.1781476230683 1567.1781476230683 567.1781476230683 567.1781476230683 0.029209427999999704 0.05646542499999985 5.515074115
30 2952.4879391387653 1567.1781476230683 1952.4879391387653 567.1781476230683 0.028910181000000534 0.05691843800000029 5.601828808
31 2599.358241035077 1567.1781476230683 1599.3582410350768 567.1781476230683 0.029148879000000072 0.05678758100000003 5.688832161
32 2268.7500509715665 1567.1781476230683 1268.7500509715665 567.1781476230683 0.02897992699999996 0.05844451599999978 5.775963405
33 2435.9211250885737 1567.1781476230683 1435.9211250885737 567.1781476230683 0.02967534699999952 0.05763423899999953 5.864665154
34 2116.147999289959 1567.1781476230683 1116.147999289959 567.1781476230683 0.029137385000000293 0.05678925299999982 5.953177561
35 1768.4555495832142 1567.1781476230683 768.4555495832142 567.1781476230683 0.02953625100000057 0.05758271400000048 6.040150858
36 1901.7486135083889 1567.1781476230683 901.7486135083889 567.1781476230683 0.030666674999999977 0.05931007799999932 6.128307205
37 1558.6450234451152 1558.6450234451152 558.6450234451152 558.6450234451152 0.030901529000000316 0.06152853100000044 6.219326792
38 1876.5449844399968 1558.6450234451152 876.5449844399968 558.6450234451152 0.041546349999999954 0.061338284999999715 6.312837616
39 1412.0545290221048 1412.0545290221048 412.0545290221048 412.0545290221048 0.030596916000000363 0.060070464999999906 6.416894613
40 2926.4419606590623 1412.0545290221048 1926.4419606590623 412.0545290221048 0.03079501699999998 0.060483046999999956 6.508689315
41 2374.58405391992 1412.0545290221048 1374.5840539199198 412.0545290221048 0.031070044000000685 0.06014772700000037 6.601285397
42 1362.148376798331 1362.148376798331 362.1483767983309 362.1483767983309 0.0308767750000003 0.06289059300000055 6.69362414
43 1654.9004324040623 1362.148376798331 654.9004324040623 362.1483767983309 0.031390073999999935 0.06264405000000028 6.788598189
44 1390.1385298415976 1362.148376798331 390.1385298415976 362.1483767983309 0.030258630000000508 0.06002902799999976 6.883748837
45 1305.2431506494947 1305.2431506494947 305.24315064949474 305.24315064949474 0.0304190430000002 0.06134417899999978 6.975333532
46 1394.9458703272303 1305.2431506494947 394.9458703272303 305.24315064949474 0.02995427000000017 0.060614150000000144 7.06818399
47 1265.0386533156047 1265.0386533156047 265.03865331560473 265.03865331560473 0.033821158000000295 0.06220379100000084 7.159943794
48 1210.1884237824963 1210.1884237824963 210.18842378249633 210.18842378249633 0.031509119999999946 0.06237332600000034 7.257175432
49 1154.258716517632 1154.258716517632 154.2587165176319 154.2587165176319 0.030679488000000532 0.06154409000000083 7.352275554
50 1158.8895669872902 1154.258716517632 158.8895669872902 154.2587165176319 0.03054636300000002 0.06293262599999938 7.445745561
51 2482.5345972570585 1154.258716517632 1482.5345972570585 154.2587165176319 0.03083955899999946 0.06168025399999966 7.540346301
52 1081.6295302094388 1081.6295302094388 81.62953020943883 81.62953020943883 0.046548449000000325 0.24508005399999977 7.633999495
53 1858.941675049129 1081.6295302094388 858.9416750491289 81.62953020943883 0.061402299999999244 0.09912729700000078 7.928979112
54 1038.0294002369149 1038.0294002369149 38.02940023691485 38.02940023691485 0.0319218879999994 0.10421493299999973 8.092098606
55 201.35109254627037 201.35109254627037 -798.6489074537296 -798.6489074537296 0.03166337700000099 0.06480354300000002 8.229504096
56 4233.847507100569 201.35109254627037 3233.8475071005687 -798.6489074537296 0.03165568800000074 0.06286132999999872 8.327260534
57 4233.847507100569 201.35109254627037 3233.8475071005687 -798.6489074537296 0.03157583099999961 0.06440420100000033 8.422894803
58 4233.847507100569 201.35109254627037 3233.8475071005687 -798.6489074537296 0.04443638999999955 0.06780430299999907 8.520142427
59 4233.847507100569 201.35109254627037 3233.8475071005687 -798.6489074537296 0.033527242999999984 0.06624626999999883 8.63365532
60 4233.847507100569 201.35109254627037 3233.8475071005687 -798.6489074537296 0.03186274499999975 0.06626164200000062 8.734731149
61 4233.847507100569 201.35109254627037 3233.8475071005687 -798.6489074537296 0.03236771599999955 0.06469382899999943 8.833978381
62 4233.847507100569 201.35109254627037 3233.8475071005687 -798.6489074537296 0.033808602000000576 0.06621832199999922 8.932145268
63 4233.847507100569 201.35109254627037 3233.8475071005687 -798.6489074537296 0.033592263000000955 0.06485126499999971 9.033513133
64 4233.847507100569 201.35109254627037 3233.8475071005687 -798.6489074537296 0.032315240000000856 0.06591847500000014 9.133127098
65 4233.847507100569 201.35109254627037 3233.8475071005687 -798.6489074537296 0.03301841400000072 0.06623341199999899 9.232460199
66 4233.847507100569 201.35109254627037 3233.8475071005687 -798.6489074537296 0.032174009000000225 0.0662575520000015 9.332800847
67 4233.847507100569 201.35109254627037 3233.8475071005687 -798.6489074537296 0.03355532600000011 0.0734389670000013 9.432434021
68 4233.847507100569 201.35109254627037 3233.8475071005687 -798.6489074537296 0.032979642999999115 0.06797922099999987 9.540754972
69 4233.847507100569 201.35109254627037 3233.8475071005687 -798.6489074537296 0.03288464400000102 0.06746163999999943 9.642969082
70 4233.847507100569 201.35109254627037 3233.8475071005687 -798.6489074537296 0.03224020499999902 0.06895545599999942 9.74440141
