"function evaluation" "current f(x)" "best-so-far f(x)" "current af(x)+b" "best af(x)+b" acq_opt_time model_fit_time cum_iteration_time
1 3640522.484025508 3640522.484025508 3640267.6640255083 3640267.6640255083 None None None
2 9790485.649480982 3640522.484025508 9790230.829480981 3640267.6640255083 None None None
3 177211368176.01947 3640522.484025508 177211367921.19946 3640267.6640255083 0.025999794999999715 0.029748528999999913 0
4 77859133464.4431 3640522.484025508 77859133209.6231 3640267.6640255083 0.03791522400000069 0.09085338100000051 5.785350636
5 20327109918.221554 3640522.484025508 20327109663.401554 3640267.6640255083 0.044080506999999436 0.10793279000000044 5.915705594
6 41176550745.99414 3640522.484025508 41176550491.17414 3640267.6640255083 0.12394211600000027 0.12819805799999973 6.068932774
7 7838279418.1765175 3640522.484025508 7838279163.356518 3640267.6640255083 0.2394180489999993 0.09663382499999962 6.326722084
8 2841389668.3765516 3640522.484025508 2841389413.5565515 3640267.6640255083 0.21749116300000004 0.13063922400000028 6.664891938
9 11187583507.101023 3640522.484025508 11187583252.281023 3640267.6640255083 0.11477244899999928 0.16639155900000002 7.014153291
10 4413951312.596484 3640522.484025508 4413951057.7764845 3640267.6640255083 0.16727842299999995 0.12379294500000082 7.296600048
11 3250650477.091985 3640522.484025508 3250650222.271985 3640267.6640255083 0.17150178999999977 0.3936098579999996 7.588579833
12 1097366672.966199 3640522.484025508 1097366418.146199 3640267.6640255083 0.1367402920000007 0.4567864289999992 8.155171799
13 9339084380.767323 3640522.484025508 9339084125.947323 3640267.6640255083 0.21148989799999995 0.2700365680000001 8.751945159
14 1071762010.7800158 3640522.484025508 1071761755.9600158 3640267.6640255083 0.06642592500000077 0.30128504199999995 9.235302211
15 662901524.7910258 3640522.484025508 662901269.9710257 3640267.6640255083 0.11712035800000109 0.24950063 9.636266338
16 77602920.3644126 3640522.484025508 77602665.54441261 3640267.6640255083 0.11070650600000143 0.06597009400000076 10.004070736
17 226790533.05462456 3640522.484025508 226790278.23462456 3640267.6640255083 0.11426091399999905 0.05564571000000029 10.181903867
18 112004004.82379735 3640522.484025508 112003750.00379735 3640267.6640255083 0.26660786299999906 0.19882407399999913 10.352829234
19 1754136444.9583433 3640522.484025508 1754136190.1383433 3640267.6640255083 0.11964427000000022 0.24385584199999855 10.819615678
20 5873343.055866445 3640522.484025508 5873088.235866445 3640267.6640255083 0.09927046800000028 0.33662307400000024 11.184386945
21 224917246.58085674 3640522.484025508 224916991.76085675 3640267.6640255083 0.02906125800000048 0.055505228999999545 11.622359192
22 465969366.1051938 3640522.484025508 465969111.2851938 3640267.6640255083 0.029153082000000552 0.05702742400000105 11.708066999
23 144291807.4454304 3640522.484025508 144291552.6254304 3640267.6640255083 0.0294270369999996 0.05610726199999938 11.795276994
24 28174003.43460402 3640522.484025508 28173748.61460402 3640267.6640255083 0.029333875999999037 0.05627111799999973 11.881823903
25 14211.450589655042 14211.450589655042 13956.630589655042 13956.630589655042 0.02874389399999977 0.056739895999999845 11.968423557
26 103897541.11713357 14211.450589655042 103897286.29713358 13956.630589655042 0.029465961000001428 0.05771338799999981 12.054897923
27 38987017.36276427 14211.450589655042 38986762.54276427 13956.630589655042 0.029279358000000144 0.05718989100000016 12.143207077
28 1077148.7926127918 14211.450589655042 1076893.9726127917 13956.630589655042 0.029679337000001027 0.05684879600000059 12.230822811
29 1117965.0671562613 14211.450589655042 1117710.2471562612 13956.630589655042 0.028890944000000474 0.057189914000000286 12.318367908
30 973890010.0302404 14211.450589655042 973889755.2102404 13956.630589655042 0.03000031000000014 0.05733324699999898 12.405649373
31 707848.9198214777 14211.450589655042 707594.0998214778 13956.630589655042 0.035095624000000214 0.05790241699999932 12.494150937
32 2767229.6775869997 14211.450589655042 2766974.857587 13956.630589655042 0.031133911999999597 0.06177983399999931 12.588501624
33 3422429.2560929228 14211.450589655042 3422174.436092923 13956.630589655042 0.031434854000000456 0.060214284999998924 12.68260729
34 30549480.98531309 14211.450589655042 30549226.16531309 13956.630589655042 0.030965848000001017 0.06097155799999854 12.775298135
35 15166370.468890963 14211.450589655042 15166115.648890963 13956.630589655042 0.031498312000000084 0.06200347699999931 12.868263709
36 405590092.1563157 14211.450589655042 405589837.3363157 13956.630589655042 0.21694613900000093 0.06299353999999902 12.96282065
37 146886846.41463065 14211.450589655042 146886591.59463066 13956.630589655042 0.12007811099999977 0.11456893999999984 13.244006238
38 505641907.09122103 14211.450589655042 505641652.27122104 13956.630589655042 0.1597682479999989 0.509506245999999 13.479690477
39 100731478.68609172 14211.450589655042 100731223.86609173 13956.630589655042 0.0467057319999995 0.14393987300000077 14.149790273
40 20647788964.449684 14211.450589655042 20647788709.629684 13956.630589655042 0.04445566500000098 0.08969457200000086 14.341439936
41 1660480.0277320554 14211.450589655042 1660225.2077320553 13956.630589655042 0.04421829400000021 0.08652235599999969 14.476380899
42 5065340.999675682 14211.450589655042 5065086.1796756815 13956.630589655042 0.04417569400000154 0.08693409299999999 14.60802213
43 210925.17163988538 14211.450589655042 210670.35163988537 13956.630589655042 0.04759593500000037 0.08587109299999973 14.739855859
44 112406.2899158996 14211.450589655042 112151.4699158996 13956.630589655042 0.04396179899999986 0.0877960059999996 14.874286772
45 3349293404.051572 14211.450589655042 3349293149.2315717 13956.630589655042 0.04331170999999934 0.08734396400000044 15.007106246
46 50905794.24166169 14211.450589655042 50905539.42166169 13956.630589655042 0.044658509000001345 0.08745503399999954 15.138593071
47 30706523.477219023 14211.450589655042 30706268.657219023 13956.630589655042 0.044495766000000714 0.0881303219999996 15.271745921
48 44068235.966342665 14211.450589655042 44067981.146342665 13956.630589655042 0.17288406600000172 6.3918216789999995 15.405123403
49 19480069.973567802 14211.450589655042 19479815.153567802 13956.630589655042 0.11952432000000002 0.6277362269999998 21.9711198
50 2361481.334387547 14211.450589655042 2361226.514387547 13956.630589655042 0.08573966799999866 1.1736403039999992 22.719400997
51 83258115.61190931 14211.450589655042 83257860.79190932 13956.630589655042 0.08880398100000164 4.326870292999999 23.979886476
52 13588272.538287673 14211.450589655042 13588017.718287673 13956.630589655042 0.14449281099999922 2.680703273999999 28.396907363
53 23691.61373505162 14211.450589655042 23436.79373505162 13956.630589655042 0.06013030400000119 0.13295293999999913 31.226041107
54 977209899.4274817 14211.450589655042 977209644.6074816 13956.630589655042 0.059104208000000824 0.11687822600000075 31.420277297
55 89763.3541824506 14211.450589655042 89508.53418245059 13956.630589655042 0.0613556459999991 0.11851232300000092 31.597343219
56 671043.695450645 14211.450589655042 670788.8754506451 13956.630589655042 0.06071058299999876 0.1246754629999991 31.778439853
57 41390255897.5827 14211.450589655042 41390255642.7627 13956.630589655042 0.060135162999998215 0.12486163799999872 31.96508973
58 2890440670.604953 14211.450589655042 2890440415.7849526 13956.630589655042 0.08387538999999578 0.12852294399999664 32.151318517
59 177211368176.01947 14211.450589655042 177211367921.19946 13956.630589655042 0.06090673299999594 0.12303430299999718 32.364894301
60 52974271.39429403 14211.450589655042 52974016.57429403 13956.630589655042 0.06508815500000509 0.1258195449999988 32.550018533
61 14723999105.333702 14211.450589655042 14723998850.513702 13956.630589655042 0.06492741899999999 0.13122692399999636 32.742091177
62 286490.32676964154 14211.450589655042 286235.50676964154 13956.630589655042 0.06413798600000575 0.13102824599999963 32.939387651
63 193969776.70246968 14211.450589655042 193969521.88246968 13956.630589655042 0.06682875999999993 0.1319942740000002 33.135666395
64 78598.89397585283 14211.450589655042 78344.07397585282 13956.630589655042 0.06516032400000427 0.13035597400000398 33.335710133
65 177211368176.01947 14211.450589655042 177211367921.19946 13956.630589655042 0.06642320099999921 0.13246083699999645 33.532347088
66 349424003.62858784 14211.450589655042 349423748.80858785 13956.630589655042 0.06495607600000142 0.131974636999999 33.732397931
67 7077261323.01758 14211.450589655042 7077261068.19758 13956.630589655042 0.06721895300000114 0.13546751699999504 33.930424786
68 24434323530.467304 14211.450589655042 24434323275.647305 13956.630589655042 0.06789590300000015 0.13483152900000306 34.134298453
69 3816841404.245354 14211.450589655042 3816841149.425354 13956.630589655042 0.0674886050000012 0.13624418100000213 34.338270059
70 2113734446.773757 14211.450589655042 2113734191.953757 13956.630589655042 0.16384099800000484 0.1434482000000017 34.543107709
