"function evaluation" "current f(x)" "best-so-far f(x)" "current af(x)+b" "best af(x)+b" acq_opt_time model_fit_time cum_iteration_time
1 631561.2106693791 631561.2106693791 631710.3606693791 631710.3606693791 None None None
2 41373.469147479766 41373.469147479766 41522.61914747977 41522.61914747977 None None None
3 305787.2744933436 41373.469147479766 305936.4244933436 41522.61914747977 None None None
4 376077.597534681 41373.469147479766 376226.747534681 41522.61914747977 None None None
5 381609.4214502649 41373.469147479766 381758.57145026495 41522.61914747977 None None None
6 348332.1092527988 41373.469147479766 348481.2592527988 41522.61914747977 None None None
7 231857.37615315043 41373.469147479766 232006.52615315042 41522.61914747977 None None None
8 125316.83801914232 41373.469147479766 125465.98801914231 41522.61914747977 None None None
9 433501.07085883827 41373.469147479766 433650.2208588383 41522.61914747977 None None None
10 288619.69776540244 41373.469147479766 288768.84776540246 41522.61914747977 None None None
11 226134.97492406852 41373.469147479766 226284.1249240685 41522.61914747977 0.31227086800000015 0.11512771499999985 0
12 106375.41432646054 41373.469147479766 106524.56432646053 41522.61914747977 0.6177667910000002 0.24835704999999964 3.205295152
13 202361.36523730302 41373.469147479766 202510.515237303 41522.61914747977 0.223020204 0.22276253300000004 4.072402673
14 55126.43842021075 41373.469147479766 55275.58842021075 41522.61914747977 0.38720909200000087 0.3270354470000001 4.519390299
15 76900.87054437715 41373.469147479766 77050.02054437714 41522.61914747977 0.2284160479999997 0.5341482129999999 5.234999877
16 728404.081503564 41373.469147479766 728553.231503564 41522.61914747977 0.5793864549999999 0.36400092399999995 5.998732462
17 121817.79357179711 41373.469147479766 121966.9435717971 41522.61914747977 0.19956745300000023 0.5294925880000001 6.943506033
18 79156.16160083428 41373.469147479766 79305.31160083428 41522.61914747977 0.31946588799999986 0.5035890259999993 7.673903492
19 70459.90695058538 41373.469147479766 70609.05695058538 41522.61914747977 0.27773779600000026 0.6277377169999987 8.503838362
20 65630.65433459642 41373.469147479766 65779.80433459641 41522.61914747977 0.30702803600000017 0.5167084539999998 9.410759019
21 92768.72506989805 41373.469147479766 92917.87506989804 41522.61914747977 1.252847591 0.6279690359999996 10.235880108
22 301979.1262497975 41373.469147479766 302128.27624979755 41522.61914747977 0.7499886839999999 0.6645199529999992 12.118405559
23 186849.22769662697 41373.469147479766 186998.37769662697 41522.61914747977 0.4995998979999996 0.5793608700000004 13.53395404
24 110830.0392968971 41373.469147479766 110979.1892968971 41522.61914747977 0.2033527339999992 0.7010180370000008 14.614330305
25 98202.97896338488 41373.469147479766 98352.12896338488 41522.61914747977 0.30706172200000026 0.4858400669999998 15.520198872
26 297089.0227750069 41373.469147479766 297238.1727750069 41522.61914747977 0.2915437499999989 0.2627521609999981 16.31445158
27 83739.0015095921 41373.469147479766 83888.15150959209 41522.61914747977 0.2105418799999974 0.2707654720000008 16.870382185
28 63415.58513392108 41373.469147479766 63564.73513392108 41522.61914747977 0.702024232000003 0.3084995809999995 17.353027622
29 235488.7584428167 41373.469147479766 235637.9084428167 41522.61914747977 0.48411481199999784 0.5240665199999981 18.368646317
30 339506.45200140355 41373.469147479766 339655.6020014036 41522.61914747977 0.895179008000003 0.511468494999999 19.378189028
31 570927.677338072 41373.469147479766 571076.827338072 41522.61914747977 0.8794178989999999 0.8083446410000015 20.786185164
32 176894.59020117708 41373.469147479766 177043.74020117708 41522.61914747977 0.38264042300000156 0.8528364269999997 22.47519095
33 182854.12110315458 41373.469147479766 183003.27110315458 41522.61914747977 0.807800021000002 2.4209017400000015 23.711926033
34 93189.8554675198 41373.469147479766 93339.00546751979 41522.61914747977 0.30239731500000033 0.4245835879999973 26.941639654
35 262996.62857861887 41373.469147479766 263145.7785786189 41522.61914747977 0.2757295400000004 0.4120111460000011 27.669445967
36 71801.7722418268 41373.469147479766 71950.92224182679 41522.61914747977 0.6050584029999975 0.5506118529999995 28.358583139
37 358944.95307953074 41373.469147479766 359094.10307953076 41522.61914747977 0.3067064859999995 0.5331902379999995 29.515783454
38 306048.0667782993 41373.469147479766 306197.2167782993 41522.61914747977 0.3655796109999976 0.6209278999999981 30.35700087
39 263741.10446302645 41373.469147479766 263890.2544630265 41522.61914747977 0.436466302999996 0.529842047999999 31.344941145
40 390651.1624348312 41373.469147479766 390800.3124348312 41522.61914747977 0.5272537800000023 0.6087548659999982 32.314720558
41 133855.423283018 41373.469147479766 134004.573283018 41522.61914747977 0.33982384200000126 0.29721676900000205 33.452014755
42 199896.73996286083 41373.469147479766 200045.88996286082 41522.61914747977 0.3108788380000007 0.26090979199999964 34.090177105
43 77296.81573985278 41373.469147479766 77445.96573985278 41522.61914747977 0.6910299190000018 0.31453868499999516 34.663354718
44 91414.26760974224 41373.469147479766 91563.41760974223 41522.61914747977 0.19724143900000257 0.5939932440000035 35.670127199
45 90318.75576086236 41373.469147479766 90467.90576086236 41522.61914747977 0.26361353299999735 2.2109438290000014 36.4628141
46 206969.21504115453 41373.469147479766 207118.36504115452 41522.61914747977 0.1944578449999952 0.24285156999999913 38.93883279
47 120888.3064524375 41373.469147479766 121037.45645243749 41522.61914747977 0.2943632249999979 0.28961420400000293 39.377344849
48 161189.97041172715 41373.469147479766 161339.12041172714 41522.61914747977 0.20390237599999494 0.26377224000000155 39.962725368
49 299981.5913224038 41373.469147479766 300130.74132240383 41522.61914747977 0.21476384599999676 0.262944705999999 40.43168025
50 142273.4021698896 41373.469147479766 142422.5521698896 41522.61914747977 0.21293914899999322 0.27632041300000054 40.910722884
51 73351.72074329984 41373.469147479766 73500.87074329983 41522.61914747977 0.24029237099999534 0.29955252499999574 41.401294437
52 139324.02294753675 41373.469147479766 139473.17294753675 41522.61914747977 0.2097020289999989 0.31086385999999777 41.942497817
53 238589.04749309347 41373.469147479766 238738.19749309347 41522.61914747977 0.20917727900000216 0.2745735829999987 42.464431663
54 335019.8797339791 41373.469147479766 335169.02973397914 41522.61914747977 0.21081400599999967 0.27752955100000065 42.949552782
55 158274.1706047929 41373.469147479766 158423.32060479288 41522.61914747977 0.21268669499999504 0.2842443099999983 43.439233379
56 133302.10440984165 41373.469147479766 133451.25440984164 41522.61914747977 0.2108012919999993 0.2776967790000029 43.937507793
57 470927.77387740935 41373.469147479766 471076.92387740937 41522.61914747977 0.21107190700000444 0.27932423800000095 44.427501986
58 407497.7461552066 41373.469147479766 407646.8961552066 41522.61914747977 0.21859597099999917 0.27848131599999704 44.919205829
59 275500.34260868066 41373.469147479766 275649.4926086807 41522.61914747977 0.8194971419999959 0.6088623500000026 45.41772174
60 169757.72376930344 41373.469147479766 169906.87376930343 41522.61914747977 0.7665031590000027 0.7285124379999957 46.848191762
61 107889.20064194548 41373.469147479766 108038.35064194548 41522.61914747977 0.21165957199999497 0.7649564069999997 48.344489707
62 63696.03962219824 41373.469147479766 63845.18962219824 41522.61914747977 0.8839427529999995 1.8125828020000014 49.32218363
63 22663.84525983987 22663.84525983987 22812.99525983987 22812.99525983987 0.688703419999996 1.8575674559999982 52.01985621
64 126107.30680504626 22663.84525983987 126256.45680504625 22812.99525983987 0.5923608450000017 0.4332568809999984 54.567916547
65 298718.4624340363 22663.84525983987 298867.61243403633 22812.99525983987 0.4216339230000017 1.7808062410000005 55.59455694
66 31954.911118248874 22663.84525983987 32104.061118248876 22812.99525983987 0.41405612100000155 0.927448278 57.798286053
67 70859.5285989289 22663.84525983987 71008.67859892889 22812.99525983987 0.4558353749999995 1.6954452379999978 59.141115191
68 54609.2382158113 22663.84525983987 54758.388215811305 22812.99525983987 0.34367277999999857 0.9307593619999963 61.294606666
69 43861.552849571264 22663.84525983987 44010.702849571266 22812.99525983987 0.48392625099999975 0.7766882849999988 62.570390136
70 337528.7851804818 22663.84525983987 337677.9351804818 22812.99525983987 0.29292292199998826 0.49105836799999736 63.832399304
71 82396.61065797487 22663.84525983987 82545.76065797487 22812.99525983987 0.20962324999999282 0.2856995369999993 64.617734568
72 11021.593383707179 11021.593383707179 11170.743383707179 11170.743383707179 0.318109445999994 0.32724528299999633 65.114427091
73 70408.96813410432 11021.593383707179 70558.11813410431 11170.743383707179 0.22368773700000588 0.30048718099999405 65.761271545
74 84270.9733482596 11021.593383707179 84420.1233482596 11170.743383707179 0.22575412699998765 0.29760852900000145 66.286774066
75 34360.02718311945 11021.593383707179 34509.17718311945 11170.743383707179 0.2251848530000018 0.317723230999988 66.811665909
76 172659.55453719114 11021.593383707179 172808.70453719114 11170.743383707179 0.2200299609999945 0.28612900400000285 67.355895908
77 120830.34968639193 11021.593383707179 120979.49968639192 11170.743383707179 0.728709404 0.5538154810000009 67.863375284
78 145944.068966769 11021.593383707179 146093.218966769 11170.743383707179 0.8850041849999997 2.587509846000003 69.147818338
79 33878.47694509201 11021.593383707179 34027.62694509201 11170.743383707179 0.3024184479999974 0.8591020049999969 72.62156423
80 35438.69884716282 11021.593383707179 35587.84884716282 11170.743383707179 0.22155103900000483 0.6781234920000117 73.78519489
81 112125.02846062616 11021.593383707179 112274.17846062615 11170.743383707179 0.3287415930000037 0.3314119340000019 74.686504518
82 139109.81345797205 11021.593383707179 139258.96345797204 11170.743383707179 0.24488814299999717 0.308990957000006 75.348070206
83 16837.65813973803 11021.593383707179 16986.80813973803 11170.743383707179 0.30926875800000175 0.33157666199998914 75.903501531
84 92553.01660502456 11021.593383707179 92702.16660502455 11170.743383707179 0.515644666 0.477929503999988 76.545886689
85 33344.26055913819 11021.593383707179 33493.41055913819 11170.743383707179 0.7985215989999972 3.018410437 77.540444668
86 171717.63492388005 11021.593383707179 171866.78492388004 11170.743383707179 0.361435336999989 0.8691377110000076 81.358651209
87 72810.05195567428 11021.593383707179 72959.20195567427 11170.743383707179 0.21063385799999423 1.0276972129999962 82.590888946
88 181945.70667794126 11021.593383707179 182094.85667794125 11170.743383707179 0.1778032980000006 1.0496889839999994 83.829953533
89 42435.323486825306 11021.593383707179 42584.47348682531 11170.743383707179 0.32181776900000614 0.37208678400000395 85.059001495
90 143009.06129975175 11021.593383707179 143158.21129975174 11170.743383707179 0.34257996700000604 0.3453802919999873 85.75452454
91 87363.8757296227 11021.593383707179 87513.02572962269 11170.743383707179 0.23781414499998732 0.31206813999999383 86.443893479
92 16850.16214900748 11021.593383707179 16999.31214900748 11170.743383707179 0.2524345220000015 0.3099202319999961 86.995135225
93 354511.8198564915 11021.593383707179 354660.96985649155 11170.743383707179 0.34425789699999143 0.3511617529999995 87.558851041
94 13396.176002930533 11021.593383707179 13545.326002930533 11170.743383707179 0.7712448790000082 0.457058607999997 88.255661189
95 72963.0165385147 11021.593383707179 73112.16653851469 11170.743383707179 0.4568178250000017 1.0026714899999973 89.485397545
96 97315.86059613839 11021.593383707179 97465.01059613838 11170.743383707179 0.4140564280000092 0.642880108 90.946174537
97 57405.152565111974 11021.593383707179 57554.302565111975 11170.743383707179 0.2715877100000057 1.0641390709999996 92.004403855
98 16531.373927934175 11021.593383707179 16680.523927934177 11170.743383707179 0.2400323499999928 0.3255465390000012 93.341583136
99 97243.91536248542 11021.593383707179 97393.06536248542 11170.743383707179 0.24359795499999848 0.3199540180000042 93.90869721
100 206396.66632120495 11021.593383707179 206545.81632120494 11170.743383707179 0.36619490399999677 0.3512723500000021 94.47383817
101 35376.0278930998 11021.593383707179 35525.177893099804 11170.743383707179 0.24218061800000612 0.31839056299999413 95.192718704
102 154919.39715480607 11021.593383707179 155068.54715480606 11170.743383707179 0.3060114889999994 0.3266214519999977 95.754647111
103 162935.34985965193 11021.593383707179 163084.49985965193 11170.743383707179 0.9217319349999968 0.8905054330000013 96.388527879
104 139558.76847608108 11021.593383707179 139707.91847608107 11170.743383707179 0.694735871000006 1.0382227279999938 98.202359741
105 49079.89318529383 11021.593383707179 49229.043185293835 11170.743383707179 0.4978515059999893 0.6468578759999986 99.93677319
106 74525.77854623125 11021.593383707179 74674.92854623124 11170.743383707179 0.49909446399999524 0.672024528999998 101.083106467
107 611548.2041225199 11021.593383707179 611697.35412252 11170.743383707179 1.0182762040000028 0.7644282499999946 102.255770158
108 116793.85722422494 11021.593383707179 116943.00722422493 11170.743383707179 0.7269776389999976 1.9400707070000038 104.039834571
109 35591.22335246248 11021.593383707179 35740.373352462484 11170.743383707179 0.47961252100000706 8.383132876000005 106.710288207
110 102380.13149083215 11021.593383707179 102529.28149083215 11170.743383707179 0.5115170219999925 0.7821418989999955 115.574484052
111 72977.62383580703 11021.593383707179 73126.77383580702 11170.743383707179 0.6880224570000024 0.6867942899999946 116.869723691
112 54305.42669109948 11021.593383707179 54454.57669109948 11170.743383707179 0.5203354880000006 0.6903073699999993 118.246060144
113 320333.4806006058 11021.593383707179 320482.6306006058 11170.743383707179 0.4070169780000015 0.8845806060000001 119.458157832
114 78647.97600481515 11021.593383707179 78797.12600481515 11170.743383707179 0.4302117369999934 0.5104175699999871 120.751437857
115 75172.53297087633 11021.593383707179 75321.68297087633 11170.743383707179 0.5320117189999962 0.6744754249999971 121.693713085
116 47744.34587880022 11021.593383707179 47893.49587880022 11170.743383707179 0.5251849189999973 0.6655658990000006 122.901916988
117 97306.00498251466 11021.593383707179 97455.15498251465 11170.743383707179 0.25142258799999695 0.7375335870000015 124.094286012
118 53455.30078574034 11021.593383707179 53604.450785740344 11170.743383707179 1.29338043300001 1.107719117000002 125.084699494
119 34043.78899198966 11021.593383707179 34192.938991989664 11170.743383707179 0.7491420950000105 0.3486190299999947 127.48720009
120 46277.324307583396 11021.593383707179 46426.4743075834 11170.743383707179 0.7119314339999789 3.210040558000003 128.587279638
121 58789.356976960466 11021.593383707179 58938.50697696047 11170.743383707179 0.5376842790000183 1.2716264530000103 132.510802103
122 167694.90690138098 11021.593383707179 167844.05690138097 11170.743383707179 0.3236594720000028 0.6527120609999884 134.321769478
123 188392.7000406778 11021.593383707179 188541.8500406778 11170.743383707179 0.25344825900000956 2.5546377750000033 135.299536143
124 21303.287593465808 11021.593383707179 21452.43759346581 11170.743383707179 0.38212548000001334 0.3784776900000111 138.109042252
125 82177.06365824098 11021.593383707179 82326.21365824097 11170.743383707179 0.2684183380000036 0.5111260230000028 138.871033881
126 60009.80908931776 11021.593383707179 60158.95908931776 11170.743383707179 0.26858028500001296 0.5064154779999797 139.652021153
127 38191.870188348876 11021.593383707179 38341.02018834888 11170.743383707179 0.28306459200001655 0.4570125490000123 140.428488123
128 70360.22112400836 11021.593383707179 70509.37112400835 11170.743383707179 0.3580132350000156 0.3792991109999946 141.170113202
129 21462.76339025794 11021.593383707179 21611.91339025794 11170.743383707179 0.37854541199999403 0.6528455570000062 141.908910442
130 32443.936133368312 11021.593383707179 32593.086133368313 11170.743383707179 0.4189513110000007 1.0091019860000188 142.9418544
131 180504.11652499816 11021.593383707179 180653.26652499815 11170.743383707179 0.4094569050000132 6.783022047999992 144.371548993
132 148836.638660103 11021.593383707179 148985.788660103 11170.743383707179 0.45824920300000827 1.870468910999989 151.565466752
133 36161.44393311107 11021.593383707179 36310.59393311107 11170.743383707179 0.2664482449999923 2.737664789000007 153.895639838
134 37703.61694748094 11021.593383707179 37852.766947480945 11170.743383707179 0.3844412699999964 0.47392509799999516 156.900967951
135 32921.61132348215 11021.593383707179 33070.761323482155 11170.743383707179 0.40248648400000775 0.39741491899999914 157.760758403
136 83855.26334305582 11021.593383707179 84004.41334305581 11170.743383707179 0.34581111599999304 0.47450918499998807 158.562389657
137 21457.68351406844 11021.593383707179 21606.833514068443 11170.743383707179 0.6232918800000107 0.7557190830000025 159.384440183
138 85934.24001245137 11021.593383707179 86083.39001245136 11170.743383707179 0.7247017560000018 2.9788914369999873 160.765073865
139 188596.74649436996 11021.593383707179 188745.89649436995 11170.743383707179 0.505167474999979 0.8921454279999921 164.470048435
140 13842.848712317571 11021.593383707179 13991.99871231757 11170.743383707179 0.8237009460000024 0.8554781519999892 165.868744464
141 57006.43745537046 11021.593383707179 57155.58745537046 11170.743383707179 0.3189795050000157 3.0700164659999984 167.549600725
142 183801.17958997283 11021.593383707179 183950.32958997283 11170.743383707179 0.4768536020000056 0.8808082860000184 170.94008771
143 63370.36507804228 11021.593383707179 63519.515078042285 11170.743383707179 0.2943397929999776 0.3718409600000143 172.30023983
144 70224.52408508987 11021.593383707179 70373.67408508986 11170.743383707179 0.955442665000021 1.7416223589999902 172.968099953
145 51863.13977511708 11021.593383707179 52012.28977511708 11170.743383707179 0.7247300900000084 1.6300040090000039 175.666716584
146 14805.939558324351 11021.593383707179 14955.089558324351 11170.743383707179 1.0668861640000102 2.40620041599999 178.022914387
147 44548.61896359705 11021.593383707179 44697.76896359705 11170.743383707179 0.5464850629999773 2.3048797809999826 181.497639451
148 40695.20035729873 11021.593383707179 40844.35035729873 11170.743383707179 0.5657827819999852 0.7474441329999877 184.350537576
149 45220.039508719085 11021.593383707179 45369.189508719086 11170.743383707179 0.7915200719999973 0.745528016999998 185.665356023
150 211117.92729528376 11021.593383707179 211267.07729528376 11170.743383707179 0.5737806949999822 0.7719254799999931 187.203795991
