"function evaluation" "current f(x)" "best-so-far f(x)" "current af(x)+b" "best af(x)+b" acq_opt_time model_fit_time cum_iteration_time
1 2727.9758236026673 2727.9758236026673 2683.2058236026674 2683.2058236026674 None None None
2 695.8638130257689 695.8638130257689 651.0938130257689 651.0938130257689 None None None
3 1650.3986679564964 695.8638130257689 1605.6286679564964 651.0938130257689 None None None
4 792.1542242529893 695.8638130257689 747.3842242529893 651.0938130257689 None None None
5 1729.4404991464314 695.8638130257689 1684.6704991464314 651.0938130257689 None None None
6 2015.1549576092264 695.8638130257689 1970.3849576092264 651.0938130257689 None None None
7 543.3335252060676 543.3335252060676 498.56352520606765 498.56352520606765 None None None
8 507.4246481185786 507.4246481185786 462.6546481185786 462.6546481185786 None None None
9 932.9368205254136 507.4246481185786 888.1668205254136 462.6546481185786 None None None
10 1285.8290753100987 507.4246481185786 1241.0590753100987 462.6546481185786 None None None
11 14541.990075800546 507.4246481185786 14497.220075800546 462.6546481185786 0.16348115499999993 0.165828195 0
12 5127.331420566976 507.4246481185786 5082.561420566975 462.6546481185786 0.3037903799999997 0.22116070499999996 3.696867845
13 8851.020177605911 507.4246481185786 8806.25017760591 462.6546481185786 0.19090609000000036 0.23357928099999992 4.222985746
14 8694.1007877872 507.4246481185786 8649.3307877872 462.6546481185786 0.28048588399999996 0.2613925799999999 4.648751895
15 5008.32576403065 507.4246481185786 4963.55576403065 462.6546481185786 0.1864936909999999 0.23728374000000052 5.191982258
16 8312.03676944611 507.4246481185786 8267.266769446109 462.6546481185786 0.4310754750000001 0.24604080299999964 5.617107237
17 5125.303503454106 507.4246481185786 5080.533503454106 462.6546481185786 0.43979691399999954 0.5132223009999999 6.29555981
18 3066.5429609749667 507.4246481185786 3021.7729609749667 462.6546481185786 0.34145996300000014 0.4815990870000002 7.250164859
19 3563.6664792096517 507.4246481185786 3518.8964792096517 462.6546481185786 0.291383798 0.5669001429999998 8.074842348
20 4927.141287870385 507.4246481185786 4882.371287870385 462.6546481185786 0.3072391519999993 0.5341468809999999 8.934626065
21 3880.0757826989425 507.4246481185786 3835.3057826989425 462.6546481185786 0.3065418209999997 0.5221791880000008 9.777337139
22 4757.525899161796 507.4246481185786 4712.755899161795 462.6546481185786 0.3524597279999995 0.5034056030000009 10.607398019
23 5105.820367883113 507.4246481185786 5061.050367883113 462.6546481185786 0.21909030200000146 0.5030902080000015 11.464816567
24 3171.2812425031807 507.4246481185786 3126.5112425031807 462.6546481185786 0.3127504139999999 0.2952798380000008 12.188361318
25 3713.402980334598 507.4246481185786 3668.632980334598 462.6546481185786 0.29305531600000023 0.2967601000000002 12.797756218
26 5587.376701079877 507.4246481185786 5542.606701079877 462.6546481185786 0.20479318800000001 0.26249195000000114 13.388906342
27 2310.894376123344 507.4246481185786 2266.124376123344 462.6546481185786 0.20334814200000118 0.2643761910000002 13.857780569
28 5480.931880067607 507.4246481185786 5436.161880067607 462.6546481185786 0.2975825660000009 0.31541358399999986 14.326809697
29 3122.8550974524633 507.4246481185786 3078.0850974524633 462.6546481185786 0.20419495199999993 0.2634493760000005 14.941241481
30 3313.684222493034 507.4246481185786 3268.9142224930342 462.6546481185786 0.4238230050000009 0.2943648139999997 15.410306478
31 3985.1718202157 507.4246481185786 3940.4018202157 462.6546481185786 0.31699484499999997 0.32912504200000114 16.129906186
32 4013.874849097522 507.4246481185786 3969.104849097522 462.6546481185786 0.5384270300000011 1.103714956000001 16.777540883
33 3160.2193432189792 507.4246481185786 3115.4493432189793 462.6546481185786 0.24853103099999885 0.3243442299999977 18.421097882
34 2923.596683259391 507.4246481185786 2878.826683259391 462.6546481185786 0.21285619200000028 0.295882627000001 18.995625945
35 2844.1882874691414 507.4246481185786 2799.4182874691414 462.6546481185786 0.4526420150000021 0.3995508220000019 19.505775872
36 2528.2787192567607 507.4246481185786 2483.5087192567607 462.6546481185786 0.26705539599999994 0.4812346749999996 20.359400901
37 3559.1759416241953 507.4246481185786 3514.4059416241953 462.6546481185786 0.26831648900000005 0.314239409999999 21.109297804
38 3878.4698765075104 507.4246481185786 3833.6998765075105 462.6546481185786 0.506826556 0.35414962999999844 21.693246774
39 2783.364255589453 507.4246481185786 2738.594255589453 462.6546481185786 0.20533295499999937 0.5000788999999983 22.55585083
40 3114.6124904170065 507.4246481185786 3069.8424904170065 462.6546481185786 0.31956586200000103 0.34190311400000084 23.26286337
41 3369.9137424210926 507.4246481185786 3325.1437424210926 462.6546481185786 0.21915243799999828 0.2798065970000003 23.925939454
42 3836.3818754193476 507.4246481185786 3791.6118754193476 462.6546481185786 0.29982830800000215 0.3057364309999997 24.426418306
43 4352.063739603854 507.4246481185786 4307.293739603853 462.6546481185786 0.21060947099999794 0.2752224769999998 25.033287102
44 5618.637534439453 507.4246481185786 5573.867534439452 462.6546481185786 0.21101755599999805 0.2795083170000012 25.520572605
45 2510.3907668980237 507.4246481185786 2465.6207668980237 462.6546481185786 0.3043285410000003 0.3021479520000021 26.012426345
46 3192.8904990416986 507.4246481185786 3148.1204990416986 462.6546481185786 0.3112696019999994 0.3047396150000026 26.620397878
47 3321.757566756073 507.4246481185786 3276.987566756073 462.6546481185786 0.23602225900000207 0.7121527929999978 27.237777881
48 2386.374747774411 507.4246481185786 2341.604747774411 462.6546481185786 0.3023766919999993 0.6285623640000004 28.190035401
49 5422.803469182341 507.4246481185786 5378.033469182341 462.6546481185786 0.3040164689999969 0.3635459340000011 29.122373207
50 3082.574878306689 507.4246481185786 3037.804878306689 462.6546481185786 0.22184116300000056 0.290590550000001 29.79135985
51 3503.1058227650688 507.4246481185786 3458.3358227650688 462.6546481185786 0.225003988000001 0.2834489409999996 30.305191469
52 3120.8877903742255 507.4246481185786 3076.1177903742255 462.6546481185786 0.6416553440000001 0.3677756609999996 30.815000939
53 3566.16112382055 507.4246481185786 3521.39112382055 462.6546481185786 0.3138577650000016 0.33950487300000276 31.826245085
54 3628.835465361795 507.4246481185786 3584.065465361795 462.6546481185786 0.21328429800000492 0.2736694660000012 32.481231118
55 2915.3452723270857 507.4246481185786 2870.5752723270857 462.6546481185786 0.3084934070000003 0.3110005429999987 32.969485576
56 2817.0749919071145 507.4246481185786 2772.3049919071145 462.6546481185786 0.21248189500000336 0.2775946229999988 33.590346839
57 2933.5867575576185 507.4246481185786 2888.8167575576185 462.6546481185786 0.21916374799999971 0.2798428469999976 34.082188783
58 3646.284200194687 507.4246481185786 3601.514200194687 462.6546481185786 0.2820782659999992 0.3594982170000023 34.582551299
59 3648.9268319977023 507.4246481185786 3604.1568319977023 462.6546481185786 0.21854946199999858 0.3180854710000034 35.225551718
60 2903.7722429101964 507.4246481185786 2859.0022429101964 462.6546481185786 0.31287757700000185 0.31231115099999585 35.763733094
61 3862.763309148518 507.4246481185786 3817.993309148518 462.6546481185786 0.24528309599999432 0.34418684100000263 36.390324955
62 5912.530296278619 507.4246481185786 5867.760296278619 462.6546481185786 0.21825868199999832 0.2867892180000027 36.981411615
63 3228.9037210924694 507.4246481185786 3184.1337210924694 462.6546481185786 0.21379107799999986 0.3092317450000053 37.487822999
64 5793.75568769868 507.4246481185786 5748.98568769868 462.6546481185786 0.2280902270000027 0.276840061999998 38.012307071
65 3628.5669469117097 507.4246481185786 3583.7969469117097 462.6546481185786 0.27148498300000057 0.44445572299999725 38.518972198
66 4067.6680222167447 507.4246481185786 4022.8980222167447 462.6546481185786 0.21640504599999844 0.3192925060000036 39.236220848
67 2850.1520179286435 507.4246481185786 2805.3820179286436 462.6546481185786 0.22614102400000036 0.2829365079999988 39.7733414
68 3590.318229105186 507.4246481185786 3545.5482291051862 462.6546481185786 0.22048757900000027 0.2812669959999994 40.283856489
69 2612.313122009371 507.4246481185786 2567.543122009371 462.6546481185786 0.21848839799999809 0.28179614799999797 40.78708469
70 3812.589991125343 507.4246481185786 3767.819991125343 462.6546481185786 0.3154402949999948 0.31350745399999624 41.288859108
71 3328.588928911632 507.4246481185786 3283.818928911632 462.6546481185786 0.3168601019999997 0.3302528190000018 41.919157688
72 3702.0092871136485 507.4246481185786 3657.2392871136485 462.6546481185786 0.2254642719999964 0.4404193649999968 42.567650173
73 3444.809644268785 507.4246481185786 3400.039644268785 462.6546481185786 0.22158363200000508 0.30717271700000026 43.234998872
74 4030.951449980789 507.4246481185786 3986.1814499807892 462.6546481185786 0.2214224710000039 0.2903990439999973 43.765435695
75 2598.118857015481 507.4246481185786 2553.348857015481 462.6546481185786 0.22803155700000133 0.29891798100000244 44.278744443
76 4209.092296929247 507.4246481185786 4164.3222969292465 462.6546481185786 0.23613284099999987 0.31757308199999557 44.807138917
77 3427.3470882711936 507.4246481185786 3382.5770882711936 462.6546481185786 0.32214083000000215 0.334839058 45.362331472
78 4197.7266712952605 507.4246481185786 4152.95667129526 462.6546481185786 0.22369405799999953 0.29379902800000224 46.020749398
79 3371.4664222190295 507.4246481185786 3326.6964222190295 462.6546481185786 0.23883223800000053 0.7863997039999973 46.539776387
80 3717.6409967283967 507.4246481185786 3672.8709967283967 462.6546481185786 0.23231996100000174 0.386835130999998 47.56650784
81 4155.628036817073 507.4246481185786 4110.858036817072 462.6546481185786 0.3254814579999987 0.3455536789999982 48.187134598
82 3589.6075619068147 507.4246481185786 3544.8375619068147 462.6546481185786 0.34382604500000014 0.34872443799999786 48.859803712
83 3390.106548411958 507.4246481185786 3345.336548411958 462.6546481185786 0.3243308930000026 0.3507928809999967 49.553807682
84 5160.745249017737 507.4246481185786 5115.975249017736 462.6546481185786 0.39358149099999906 0.664408250000001 50.230456062
85 2434.1585739465972 507.4246481185786 2389.3885739465973 462.6546481185786 0.22294505899999706 0.3238162280000054 51.289799227
86 2676.8551823721805 507.4246481185786 2632.0851823721805 462.6546481185786 0.325827670999999 0.325318621000001 51.838117034
87 3238.4640505258035 507.4246481185786 3193.6940505258035 462.6546481185786 0.23398197800000275 0.3288483030000009 52.490641286
88 3195.500480164989 507.4246481185786 3150.730480164989 462.6546481185786 0.2228145840000053 0.30708799399999975 53.055260856
89 2698.7386762823194 507.4246481185786 2653.9686762823194 462.6546481185786 0.226128015999997 0.29402206799999675 53.586710222
90 3960.9669041702036 507.4246481185786 3916.1969041702037 462.6546481185786 0.4191910100000058 0.6656631159999975 54.108204417
91 4435.107281328935 507.4246481185786 4390.337281328934 462.6546481185786 0.22478320800000517 0.3569593040000001 55.194387202
92 3348.978819946229 507.4246481185786 3304.208819946229 462.6546481185786 0.22495734099999964 0.30183080999999845 55.777549045
93 2954.4271568598137 507.4246481185786 2909.6571568598138 462.6546481185786 0.2264247680000011 0.29741917900000203 56.305680713
94 3153.090744341961 507.4246481185786 3108.320744341961 462.6546481185786 0.22590669599999558 0.30141264600000284 56.830983994
95 3120.9067077290615 507.4246481185786 3076.1367077290615 462.6546481185786 0.42624028400000213 0.35619260800000063 57.359650189
96 2513.8380271942992 507.4246481185786 2469.0680271942992 462.6546481185786 0.2645573550000009 0.6391005050000018 58.145101668
97 4740.776024075549 507.4246481185786 4696.006024075548 462.6546481185786 0.23447552700000074 0.35654679099999953 59.050356617
98 2930.1549129899104 507.4246481185786 2885.3849129899104 462.6546481185786 0.46043490600000325 0.48760788799999943 59.642950717
99 3363.367599154248 507.4246481185786 3318.597599154248 462.6546481185786 0.2353413439999983 0.6654993329999996 60.592440845
100 3219.362664004883 507.4246481185786 3174.592664004883 462.6546481185786 0.5281762050000012 0.3122694019999983 61.49478201
101 2936.835082552489 507.4246481185786 2892.065082552489 462.6546481185786 0.41943649499999935 0.4005204490000054 62.336815896
102 3293.5294173580564 507.4246481185786 3248.7594173580565 462.6546481185786 0.3404414450000033 0.3390734480000006 63.158218709
103 3233.083839050184 507.4246481185786 3188.313839050184 462.6546481185786 0.3271813810000026 0.4304180220000049 63.839214568
104 3860.4252249124943 507.4246481185786 3815.6552249124943 462.6546481185786 0.3348332119999924 0.34109362400000975 64.598304557
105 2584.9129865616196 507.4246481185786 2540.1429865616196 462.6546481185786 0.7615034159999965 0.34073548099999584 65.275739432
106 3011.3956079436903 507.4246481185786 2966.6256079436903 462.6546481185786 0.340537365000003 0.35521394699999576 66.379409729
107 3457.9164580335355 507.4246481185786 3413.1464580335355 462.6546481185786 0.24856339699999808 0.31512489899999707 67.076584273
108 2864.1478848466763 507.4246481185786 2819.3778848466764 462.6546481185786 0.35499754500000336 0.3705327440000019 67.641722916
109 3005.5793036729488 507.4246481185786 2960.8093036729488 462.6546481185786 0.2382827429999992 0.31403810000000476 68.368654706
110 2722.837778652095 507.4246481185786 2678.067778652095 462.6546481185786 0.24052835300000197 0.32510122100001126 68.922379044
111 3658.1989737577824 507.4246481185786 3613.4289737577824 462.6546481185786 0.32632386899999233 0.7474581970000003 69.489546501
112 3156.5020302104595 507.4246481185786 3111.7320302104595 462.6546481185786 0.2351924179999969 0.34639657399999635 70.564743513
113 2841.146995228491 507.4246481185786 2796.376995228491 462.6546481185786 0.3395639919999951 0.3471547989999948 71.148033922
114 3840.8293470674153 507.4246481185786 3796.0593470674153 462.6546481185786 0.3407296190000011 0.360121147000001 71.83612448
115 1981.3289783007504 507.4246481185786 1936.5589783007504 462.6546481185786 0.2504597949999976 0.3273570449999994 72.538363252
116 2929.6510321353085 507.4246481185786 2884.8810321353085 462.6546481185786 0.40366509300000075 0.6264374120000014 73.117750781
117 2699.135592039961 507.4246481185786 2654.365592039961 462.6546481185786 0.7423447789999926 0.4765204589999996 74.149213729
118 3876.6021995648653 507.4246481185786 3831.8321995648653 462.6546481185786 0.9024891610000054 1.295263363999993 75.369533781
119 2888.493614863474 507.4246481185786 2843.723614863474 462.6546481185786 0.5161243640000066 0.6490632470000008 77.568736648
120 2495.729056702668 507.4246481185786 2450.959056702668 462.6546481185786 0.5325632779999978 0.8041025419999954 78.7354719
121 1889.460663389324 507.4246481185786 1844.690663389324 462.6546481185786 0.7721828530000039 1.2480121290000028 80.073532466
122 2786.113691433846 507.4246481185786 2741.343691433846 462.6546481185786 0.5232140829999992 0.6506221949999969 82.095193723
123 2418.867298569339 507.4246481185786 2374.097298569339 462.6546481185786 0.25314276999999663 0.7341078310000029 83.270479559
124 3842.703524143009 507.4246481185786 3797.933524143009 462.6546481185786 0.2683732400000025 0.38941377300000113 84.259184795
125 3015.278327115971 507.4246481185786 2970.508327115971 462.6546481185786 0.2548701619999889 0.412977595000001 84.918538281
126 2444.6486380637198 507.4246481185786 2399.87863806372 462.6546481185786 0.24511546300000475 0.3318238909999991 85.588277631
127 2510.520444490174 507.4246481185786 2465.7504444901742 462.6546481185786 0.7623002720000045 0.9154030360000007 86.166595393
128 2384.3236118358045 507.4246481185786 2339.5536118358045 462.6546481185786 0.7655818530000005 1.261316523000005 87.84583012
129 4170.073512239717 507.4246481185786 4125.303512239717 462.6546481185786 0.5407402310000009 0.8234049040000002 89.874356463
130 2734.405130134977 507.4246481185786 2689.635130134977 462.6546481185786 0.9552956440000031 0.7821054540000034 91.240039686
131 2741.673400569068 507.4246481185786 2696.903400569068 462.6546481185786 0.7824083579999979 0.8382306639999939 92.978918931
132 3794.0585880773806 507.4246481185786 3749.2885880773806 462.6546481185786 0.37760545400000467 0.7076347659999982 94.601089812
133 3483.9647685035156 507.4246481185786 3439.1947685035157 462.6546481185786 0.2968043080000058 0.44348311099999194 95.687961349
134 3595.3037851598374 507.4246481185786 3550.5337851598374 462.6546481185786 0.27140436599999873 0.3620764700000052 96.429980728
135 2184.82476877842 507.4246481185786 2140.05476877842 462.6546481185786 0.3821756789999995 0.4979041799999919 97.065018723
136 4180.85344831732 507.4246481185786 4136.083448317319 462.6546481185786 0.2549565770000015 0.4552497130000006 97.946708491
137 2778.810445464629 507.4246481185786 2734.040445464629 462.6546481185786 0.3875086169999946 0.5063098859999968 98.658329201
138 3853.2002027440903 507.4246481185786 3808.4302027440904 462.6546481185786 0.7387656959999873 0.39409007800000495 99.553698415
139 2904.8891076993987 507.4246481185786 2860.1191076993987 462.6546481185786 0.5350947740000009 3.31148244500001 100.688090495
140 3713.012151779592 507.4246481185786 3668.242151779592 462.6546481185786 0.5395012629999911 0.7006507119999981 104.536053945
141 3062.9037096460647 507.4246481185786 3018.1337096460647 462.6546481185786 0.5374586909999977 0.6850576799999999 105.777794423
142 2786.772923962312 507.4246481185786 2742.002923962312 462.6546481185786 0.42512218599999585 0.8002805330000058 107.001857255
143 2750.424273324194 507.4246481185786 2705.654273324194 462.6546481185786 0.28362696400000686 0.42169903399999953 108.228822839
144 2805.6531020977736 507.4246481185786 2760.8831020977736 462.6546481185786 0.2768040739999975 0.5525975599999953 108.935670254
145 3338.1990765020164 507.4246481185786 3293.4290765020164 462.6546481185786 0.2652407289999985 0.35856827100001 109.766693026
146 3600.4056772570175 507.4246481185786 3555.6356772570175 462.6546481185786 0.31038115900000207 0.3667927139999989 110.392155409
147 3377.6494252953157 507.4246481185786 3332.8794252953157 462.6546481185786 0.8386578650000018 0.8964205770000007 111.071115619
148 2177.3665635609473 507.4246481185786 2132.5965635609473 462.6546481185786 0.5495327669999881 1.2880518740000042 112.807964537
149 2880.954056702543 507.4246481185786 2836.184056702543 462.6546481185786 0.2903235400000028 0.959455743999996 114.64719387
150 2654.690220462258 507.4246481185786 2609.920220462258 462.6546481185786 0.26478708399999107 0.3622926460000002 115.898597978
