"function evaluation" "current f(x)" "best-so-far f(x)" "current af(x)+b" "best af(x)+b" acq_opt_time model_fit_time cum_iteration_time
1 851.7058574179941 851.7058574179941 1851.7058574179941 1851.7058574179941 None None None
2 2649.3236768730276 851.7058574179941 3649.3236768730276 1851.7058574179941 None None None
3 343.6973518102759 343.6973518102759 1343.697351810276 1343.697351810276 None None None
4 617.5744525633231 343.6973518102759 1617.5744525633231 1343.697351810276 None None None
5 2546.150533744858 343.6973518102759 3546.150533744858 1343.697351810276 None None None
6 739.0870694691903 343.6973518102759 1739.0870694691903 1343.697351810276 None None None
7 375.8235927641899 343.6973518102759 1375.82359276419 1343.697351810276 None None None
8 720.371576144654 343.6973518102759 1720.371576144654 1343.697351810276 None None None
9 521.5545463498183 343.6973518102759 1521.5545463498183 1343.697351810276 None None None
10 1906.35565642238 343.6973518102759 2906.35565642238 1343.697351810276 None None None
11 1845.7987368896297 343.6973518102759 2845.7987368896297 1343.697351810276 0.446607781 0.2575259970000001 0
12 1198.8717339605955 343.6973518102759 2198.8717339605955 1343.697351810276 1.0036886259999998 0.5090829189999999 5.575565035
13 2001.626525747868 343.6973518102759 3001.626525747868 1343.697351810276 0.4424420680000001 0.44097911300000003 7.089952198
14 1062.5888042395486 343.6973518102759 2062.5888042395486 1343.697351810276 0.867182304 0.5511040930000011 7.975529677
15 623.7102892198272 343.6973518102759 1623.7102892198272 1343.697351810276 0.27501536699999996 0.49234984599999976 9.396462281
16 1805.997256184056 343.6973518102759 2805.997256184056 1343.697351810276 0.5399470749999988 0.49838255099999884 10.166271329
17 565.2714634696113 343.6973518102759 1565.2714634696113 1343.697351810276 0.4224803710000007 0.7584123260000002 11.226054868
18 839.25872016415 343.6973518102759 1839.25872016415 1343.697351810276 0.26460289399999937 0.505764769999999 12.666355596
19 745.5595164587216 343.6973518102759 1745.5595164587216 1343.697351810276 0.3335178929999998 0.46841611599999844 13.439120738
20 720.6235955961881 343.6973518102759 1720.6235955961881 1343.697351810276 0.38139429499999977 0.690802541 14.243786583
21 332.03262806671387 332.03262806671387 1332.0326280667139 1332.0326280667139 0.27936039399999935 0.6261871859999992 15.318849849
22 4229.56588056599 332.03262806671387 5229.56588056599 1332.0326280667139 0.45136927300000096 0.5575313870000009 16.227083694
23 519.3534849336879 332.03262806671387 1519.353484933688 1332.0326280667139 0.5666542949999993 0.7332656620000009 17.240465296
24 555.0274004812027 332.03262806671387 1555.0274004812027 1332.0326280667139 0.4602532249999989 0.6156909020000008 18.542894495
25 484.50471942530476 332.03262806671387 1484.5047194253048 1332.0326280667139 0.5278248689999998 0.5906311680000016 19.621502749
26 817.8800868306819 332.03262806671387 1817.8800868306819 1332.0326280667139 0.5224170879999974 0.9265888219999994 20.743313659
27 521.229447408391 332.03262806671387 1521.229447408391 1332.0326280667139 0.2705864850000026 0.5636569320000007 22.195311604
28 819.8267571369747 332.03262806671387 1819.8267571369747 1332.0326280667139 0.44133404200000115 0.5399905839999981 23.03199445
29 384.2382616044597 332.03262806671387 1384.2382616044597 1332.0326280667139 0.38715332800000013 0.5709217660000014 24.016516652
30 2452.310622656778 332.03262806671387 3452.310622656778 1332.0326280667139 0.5195731859999988 0.7894438429999973 24.977836914
31 1142.5464283164101 332.03262806671387 2142.54642831641 1332.0326280667139 0.4092219799999981 0.6971399530000006 26.2894695
32 184.61595906160915 184.61595906160915 1184.6159590616091 1184.6159590616091 0.2654113659999986 0.49043280100000075 27.398262475
33 912.1995173511184 184.61595906160915 1912.1995173511184 1184.6159590616091 0.2788602510000011 0.49163752299999786 28.164787299
34 508.0356326600779 184.61595906160915 1508.035632660078 1184.6159590616091 0.3414259820000005 0.49679979000000074 28.937753054
35 914.4079721234016 184.61595906160915 1914.4079721234016 1184.6159590616091 0.2759890140000003 0.49845367100000004 29.77837185
36 691.4566028922357 184.61595906160915 1691.4566028922357 1184.6159590616091 0.29152722099999906 0.5027268959999986 30.555267823
37 889.0435593894706 184.61595906160915 1889.0435593894706 1184.6159590616091 0.395901705 0.5909548459999989 31.352264458
38 415.70231261142294 184.61595906160915 1415.702312611423 1184.6159590616091 0.37653273200000115 0.5716395369999958 32.342246864
39 450.4542660879372 184.61595906160915 1450.4542660879372 1184.6159590616091 0.26889807800000654 0.4928672190000043 33.29282821
40 2263.256820785208 184.61595906160915 3263.256820785208 1184.6159590616091 0.4040762839999985 0.6761316589999993 34.056911446
41 1044.2323080401445 184.61595906160915 2044.2323080401445 1184.6159590616091 0.29452335999999946 0.5454398749999996 35.140724736
42 989.9319005608895 184.61595906160915 1989.9319005608895 1184.6159590616091 0.39789255500000564 0.5788539939999993 35.983268601
43 976.8306111891579 184.61595906160915 1976.830611189158 1184.6159590616091 0.2915834070000045 0.522584522999999 36.962451194
44 640.6315244763002 184.61595906160915 1640.6315244763002 1184.6159590616091 0.3058979509999986 0.5304755140000026 37.77934684
45 622.1754720649956 184.61595906160915 1622.1754720649956 1184.6159590616091 0.412334443000006 0.591374064 38.618656454
46 827.2572664685144 184.61595906160915 1827.2572664685144 1184.6159590616091 0.4830735379999993 0.6485895439999965 39.625159703
47 1568.8834254258163 184.61595906160915 2568.8834254258163 1184.6159590616091 0.29904598199999555 0.5552488539999985 40.759403915
48 561.2718346597565 184.61595906160915 1561.2718346597565 1184.6159590616091 0.3864834419999994 0.6012582749999993 41.616441487
49 548.5518594059058 184.61595906160915 1548.5518594059058 1184.6159590616091 0.4078245179999982 0.5706454860000036 42.606706746
50 1096.470399179897 184.61595906160915 2096.470399179897 1184.6159590616091 0.27920050400000207 0.5253040159999998 43.588300454
51 685.0625332596687 184.61595906160915 1685.0625332596687 1184.6159590616091 0.27962674900000195 0.5101477550000055 44.395188587
52 1715.371975912869 184.61595906160915 2715.371975912869 1184.6159590616091 0.2787506339999979 0.5279828100000046 45.187727564
53 821.229188211546 184.61595906160915 1821.229188211546 1184.6159590616091 0.5071186310000044 1.1759549739999997 45.996827545
54 422.739084559013 184.61595906160915 1422.739084559013 1184.6159590616091 0.34184930199999997 0.5009131209999964 47.682380887
55 809.0063108832862 184.61595906160915 1809.0063108832862 1184.6159590616091 0.5359419649999992 0.6974596820000016 48.52844523
56 631.8238502690083 184.61595906160915 1631.8238502690083 1184.6159590616091 0.2959631680000001 0.5782644350000012 49.765166295
57 1593.0749776280422 184.61595906160915 2593.0749776280422 1184.6159590616091 0.2829815210000035 0.5410393920000018 50.6420163
58 916.7819212883396 184.61595906160915 1916.7819212883396 1184.6159590616091 0.2936117960000004 0.599229201 51.468525478
59 588.5567327186545 184.61595906160915 1588.5567327186545 1184.6159590616091 0.2905806910000024 0.604725681000005 52.363873293
60 484.0839458322098 184.61595906160915 1484.0839458322098 1184.6159590616091 0.4170979979999956 0.6095315099999965 53.262081543
61 685.6799622004849 184.61595906160915 1685.6799622004849 1184.6159590616091 0.27412233099999384 0.5334419379999957 54.291824225
62 2056.4217439732965 184.61595906160915 3056.4217439732965 1184.6159590616091 0.27189647499999836 0.49917666200000355 55.101957899
63 2498.188912725412 184.61595906160915 3498.188912725412 1184.6159590616091 0.3736532009999962 0.6988268899999994 55.875468708
64 887.8559257866718 184.61595906160915 1887.8559257866718 1184.6159590616091 0.3650874280000025 0.5478099589999985 56.950523931
65 1029.7890825193967 184.61595906160915 2029.7890825193967 1184.6159590616091 0.27195778400000137 0.6110199299999977 57.866394202
66 549.7513859033256 184.61595906160915 1549.7513859033256 1184.6159590616091 0.28752778199999796 0.513700232000005 58.751832013
67 309.5707289731117 184.61595906160915 1309.5707289731117 1184.6159590616091 0.3323610309999978 0.5420335499999993 59.555528212
68 1192.6056538470166 184.61595906160915 2192.6056538470166 1184.6159590616091 0.4154069890000045 0.7990979309999986 60.433101092
69 1647.7131840423945 184.61595906160915 2647.7131840423945 1184.6159590616091 0.269122356000004 0.7882789809999977 61.650605569
70 421.3527328558696 184.61595906160915 1421.3527328558696 1184.6159590616091 0.37799207800000545 0.5656035390000014 62.710736546
71 647.1970519104316 184.61595906160915 1647.1970519104316 1184.6159590616091 0.513227944999997 0.7928550339999987 63.65669771
72 493.00978236225365 184.61595906160915 1493.0097823622536 1184.6159590616091 0.30616692200000273 4.661121449999996 64.966295189
73 675.9402916916165 184.61595906160915 1675.9402916916165 1184.6159590616091 0.2841485830000039 0.5588536190000042 69.936141771
74 497.7692054282629 184.61595906160915 1497.769205428263 1184.6159590616091 0.3035079050000036 0.593500407999997 70.781609593
75 1093.1642037109032 184.61595906160915 2093.164203710903 1184.6159590616091 0.34780209699999887 0.5598138019999936 71.681406176
76 485.82501703555863 184.61595906160915 1485.8250170355586 1184.6159590616091 0.29948324099999013 0.5234747960000021 72.591402704
77 454.160267175826 184.61595906160915 1454.160267175826 1184.6159590616091 0.37760210599999766 0.5897849079999986 73.416978359
78 511.5230083678862 184.61595906160915 1511.5230083678862 1184.6159590616091 0.3419843369999995 0.6110403079999998 74.386684317
79 616.5810983059946 184.61595906160915 1616.5810983059946 1184.6159590616091 0.2726856720000086 0.5204117659999952 75.342860649
80 442.8355537487041 184.61595906160915 1442.8355537487041 1184.6159590616091 0.44823931599999867 0.5740196410000067 76.138493805
81 745.0865389784137 184.61595906160915 1745.0865389784137 1184.6159590616091 0.38828103100000533 0.6452817550000134 77.164000662
82 215.6613165464655 184.61595906160915 1215.6613165464655 1184.6159590616091 0.3788859459999969 0.6066239069999995 78.200182201
83 933.6211836055754 184.61595906160915 1933.6211836055754 1184.6159590616091 0.4158048700000023 0.6059879259999974 79.188146493
84 2373.277703435395 184.61595906160915 3373.277703435395 1184.6159590616091 0.4818020780000012 0.778444835000002 80.212638028
85 478.24887219146467 184.61595906160915 1478.2488721914647 1184.6159590616091 0.28977579200000037 0.5755581730000046 81.475300617
86 364.55911049757447 184.61595906160915 1364.5591104975745 1184.6159590616091 0.3922043230000014 0.626227328000013 82.343150453
87 761.7658291977064 184.61595906160915 1761.7658291977064 1184.6159590616091 0.28213824600000237 0.5746745619999984 83.364701654
88 679.015991475072 184.61595906160915 1679.015991475072 1184.6159590616091 0.29899640899999724 0.5883905999999968 84.224013451
89 893.8671352516294 184.61595906160915 1893.8671352516294 1184.6159590616091 0.29530486500000563 0.668919975999998 85.114746211
90 711.7057510009063 184.61595906160915 1711.7057510009063 1184.6159590616091 0.42230087400000116 0.7690749699999913 86.082038797
91 853.1767260740937 184.61595906160915 1853.1767260740937 1184.6159590616091 0.535450437999998 1.0136826009999993 87.275882331
92 415.2276122976725 184.61595906160915 1415.2276122976725 1184.6159590616091 0.530348563000004 1.2517567100000093 88.82734621
93 485.83014869565454 184.61595906160915 1485.8301486956545 1184.6159590616091 0.5608796540000043 7.6396746449999995 90.611902102
94 589.9956504018426 184.61595906160915 1589.9956504018426 1184.6159590616091 0.39008037700000386 1.1799285080000033 98.815073892
95 742.545879778354 184.61595906160915 1742.545879778354 1184.6159590616091 0.3905567990000094 0.6272486860000015 100.388116525
96 1370.4736364563187 184.61595906160915 2370.4736364563187 1184.6159590616091 0.29801745000000324 0.6093324930000108 101.408350618
97 792.0555290465561 184.61595906160915 1792.055529046556 1184.6159590616091 0.29644878999999946 0.6027958589999969 102.318200075
98 378.61510004447314 184.61595906160915 1378.6151000444731 1184.6159590616091 0.39053686300000834 0.6486166459999936 103.220114386
99 792.8715136702535 184.61595906160915 1792.8715136702535 1184.6159590616091 0.2974259530000012 0.5847702000000083 104.262042449
100 347.1366615236734 184.61595906160915 1347.1366615236734 1184.6159590616091 0.4110492430000079 0.7570287240000084 105.146730458
101 492.98897067212806 184.61595906160915 1492.988970672128 1184.6159590616091 0.37974406600000066 0.7365610310000079 106.317832285
102 209.41464844184588 184.61595906160915 1209.4146484418459 1184.6159590616091 0.4810547590000027 0.7969886599999967 107.437061902
103 552.3413548266699 184.61595906160915 1552.3413548266699 1184.6159590616091 0.6066455250000047 0.7705880219999983 108.71832686
104 644.5729711790063 184.61595906160915 1644.5729711790063 1184.6159590616091 0.35235141599999054 5.304451584999995 110.098685587
105 408.971861882824 184.61595906160915 1408.971861882824 1184.6159590616091 0.3670564119999966 0.5931458759999941 115.757796342
106 717.2665163366357 184.61595906160915 1717.2665163366357 1184.6159590616091 0.3836558290000056 0.7349754339999919 116.720259294
107 626.8286171724826 184.61595906160915 1626.8286171724826 1184.6159590616091 0.37914866299999517 0.7945865529999878 117.841407072
108 363.7424423689554 184.61595906160915 1363.7424423689554 1184.6159590616091 0.391721067000006 1.2612408159999973 119.017869559
109 304.34295825933077 184.61595906160915 1304.3429582593308 1184.6159590616091 0.28927996499999153 0.6275870120000064 120.673865032
110 456.0193715435987 184.61595906160915 1456.0193715435987 1184.6159590616091 0.3218910060000013 0.6783888030000043 121.593274049
111 451.0291298999855 184.61595906160915 1451.0291298999855 1184.6159590616091 0.3251647369999944 0.8470808689999956 122.596431829
112 519.54355781404 184.61595906160915 1519.54355781404 1184.6159590616091 0.2839917710000037 0.6183954340000071 123.771183431
113 752.2851307943151 184.61595906160915 1752.2851307943151 1184.6159590616091 0.38156818399998826 0.6480567150000098 124.67648099
114 392.213531933352 184.61595906160915 1392.213531933352 1184.6159590616091 0.3872463809999971 0.6498500870000044 125.708430076
115 279.9412693236079 184.61595906160915 1279.941269323608 1184.6159590616091 0.37483261500000253 0.639356976000002 126.748175581
116 607.0662895909122 184.61595906160915 1607.0662895909122 1184.6159590616091 0.37057570800001827 0.6294226640000034 127.764969102
117 1059.9949050241225 184.61595906160915 2059.9949050241225 1184.6159590616091 0.43088888700000894 1.4738342670000009 128.767655635
118 270.6612279498254 184.61595906160915 1270.6612279498254 1184.6159590616091 0.37085593400001926 7.322646995000014 130.675832882
119 333.1457340654588 184.61595906160915 1333.1457340654588 1184.6159590616091 0.2918020829999932 0.575467003 138.372118329
120 322.700122422553 184.61595906160915 1322.700122422553 1184.6159590616091 0.2857622479999975 0.6103433159999838 139.241975084
121 907.189082747901 184.61595906160915 1907.189082747901 1184.6159590616091 0.4002888020000057 0.6692812290000063 140.140443953
122 490.83204763687354 184.61595906160915 1490.8320476368735 1184.6159590616091 0.27989957500000173 0.61002282299998 141.212789862
123 299.892068197209 184.61595906160915 1299.892068197209 1184.6159590616091 0.28158368700002256 0.6180950610000195 142.10501234
124 1223.44158805616 184.61595906160915 2223.44158805616 1184.6159590616091 0.2859839230000034 0.6136439630000154 143.00693317
125 716.2554225083268 184.61595906160915 1716.2554225083268 1184.6159590616091 0.278752843999996 0.6178416310000046 143.909244401
126 289.3107405996898 184.61595906160915 1289.3107405996898 1184.6159590616091 0.36673300399999675 0.7655701589999921 144.808335505
127 561.3829919305324 184.61595906160915 1561.3829919305324 1184.6159590616091 0.40223935700001334 0.7249743090000038 145.943751061
128 583.7276463157343 184.61595906160915 1583.7276463157343 1184.6159590616091 0.46149241199998414 0.7218752539999969 147.073944303
129 2225.924582442337 184.61595906160915 3225.924582442337 1184.6159590616091 0.28863493099999005 0.6530950689999884 148.259596559
130 843.2875674534023 184.61595906160915 1843.2875674534023 1184.6159590616091 0.4270767330000069 1.3168562840000106 149.203703854
131 620.1040704404552 184.61595906160915 1620.1040704404552 1184.6159590616091 0.40172224199997686 0.8150127210000164 150.950130692
132 685.6048805634564 184.61595906160915 1685.6048805634564 1184.6159590616091 0.4075706800000205 0.7160293339999839 152.16987607
133 735.1308575011124 184.61595906160915 1735.1308575011124 1184.6159590616091 0.33130678500000954 0.7872492719999968 153.296124954
134 380.79634965008336 184.61595906160915 1380.7963496500834 1184.6159590616091 0.3243755999999962 0.7097831750000125 154.417738286
135 434.1445681815567 184.61595906160915 1434.1445681815567 1184.6159590616091 0.4911541769999985 0.7909154479999927 155.454557698
136 1045.7647860721786 184.61595906160915 2045.7647860721786 1184.6159590616091 0.3078748540000049 0.719136117000005 156.739445427
137 368.3185143775961 184.61595906160915 1368.318514377596 1184.6159590616091 0.7285909489999938 0.9877147930000092 157.769505982
138 406.5161104902354 184.61595906160915 1406.5161104902354 1184.6159590616091 0.3777934420000122 1.5326057919999982 159.489939563
139 743.3212885233561 184.61595906160915 1743.321288523356 1184.6159590616091 0.49471849799999745 0.8992379430000028 161.402406692
140 794.7705800431236 184.61595906160915 1794.7705800431236 1184.6159590616091 0.2973282089999998 0.7480114259999766 162.798698004
141 629.8789287063728 184.61595906160915 1629.8789287063728 1184.6159590616091 0.5034739230000014 0.7727016960000128 163.846867321
142 487.4434279096622 184.61595906160915 1487.4434279096622 1184.6159590616091 0.5510948419999977 2.540331621000007 165.125554593
143 414.29360116632415 184.61595906160915 1414.2936011663242 1184.6159590616091 0.5414156770000034 1.1299995039999828 168.220417493
144 648.2441088257374 184.61595906160915 1648.2441088257374 1184.6159590616091 0.5085610970000118 1.7205929659999981 169.894017837
145 529.9743321775095 184.61595906160915 1529.9743321775095 1184.6159590616091 0.4085290099999952 1.5214132070000232 172.125350146
146 543.1975311146377 184.61595906160915 1543.1975311146377 1184.6159590616091 0.2640514549999864 5.524897958999986 174.059974272
147 400.45070538973914 184.61595906160915 1400.4507053897391 1184.6159590616091 0.4110009580000167 0.8852109939999764 179.851518162
148 336.2945741491526 184.61595906160915 1336.2945741491526 1184.6159590616091 0.28871203099998866 0.7499601739999946 181.150397346
149 727.2574518393303 184.61595906160915 1727.2574518393303 1184.6159590616091 0.5129759270000136 2.1140375549999817 182.192104687
150 342.8195469609027 184.61595906160915 1342.8195469609027 1184.6159590616091 0.47306919700000094 4.395393490000004 184.821579939
