"function evaluation" "current f(x)" "best-so-far f(x)" "current af(x)+b" "best af(x)+b" acq_opt_time model_fit_time cum_iteration_time
1 3640522.484025508 3640522.484025508 3640267.6640255083 3640267.6640255083 None None None
2 9790485.649480982 3640522.484025508 9790230.829480981 3640267.6640255083 None None None
3 177211368176.01947 3640522.484025508 177211367921.19946 3640267.6640255083 0.06840279700000007 0.027815734999999897 0
4 5990972924.749275 3640522.484025508 5990972669.9292755 3640267.6640255083 0.04047696300000059 0.09227239800000042 4.910627174
5 1402786850.3512774 3640522.484025508 1402786595.5312774 3640267.6640255083 0.033620152000000125 0.10269913300000066 5.045282558
6 701903571.4622607 3640522.484025508 701903316.6422607 3640267.6640255083 0.03222148600000008 0.07823897600000063 5.183219791
7 32938.6352084103 32938.6352084103 32683.8152084103 32683.8152084103 0.03310532300000002 0.08123306700000033 5.295161599
8 45750258.461894535 32938.6352084103 45750003.641894534 32683.8152084103 0.12058155800000048 0.08008426900000032 5.411111571
9 7927331095.652772 32938.6352084103 7927330840.832772 32683.8152084103 0.03414480799999975 0.11251316799999955 5.613678645
10 193826322.92981037 32938.6352084103 193826068.10981038 32683.8152084103 0.030840343999999575 0.13254656700000034 5.762049531
11 29882215598.51783 32938.6352084103 29882215343.69783 32683.8152084103 0.03466893999999954 0.08321542799999992 5.927312549
12 1535618.2255846388 32938.6352084103 1535363.4055846387 32683.8152084103 0.03634469499999948 0.08354320599999987 6.047090137
13 3445718142.5322022 32938.6352084103 3445717887.712202 32683.8152084103 0.037151278999999704 0.08605523099999957 6.168539835
14 200044569.42904168 32938.6352084103 200044314.6090417 32683.8152084103 0.0467859500000003 0.0889814849999997 6.293362366
15 26864402.351776123 32938.6352084103 26864147.531776123 32683.8152084103 0.033845534999999316 0.08987089899999923 6.430954705
16 199984976.21809003 32938.6352084103 199984721.39809003 32683.8152084103 0.03418492199999967 0.09295433600000003 6.55629286
17 569592.3828984797 32938.6352084103 569337.5628984798 32683.8152084103 0.036183686000000215 0.09088939500000048 6.685074804
18 17524625.062264234 32938.6352084103 17524370.242264234 32683.8152084103 0.04153322900000056 0.1069057279999992 6.813761115
19 4571664089.672547 32938.6352084103 4571663834.852548 32683.8152084103 0.03689748599999998 0.12493566599999983 6.964040052
20 1449639578.429958 32938.6352084103 1449639323.6099582 32683.8152084103 0.035822408999999666 0.10082946400000026 7.127899793
21 61387038.36907166 32938.6352084103 61386783.54907166 32683.8152084103 0.04084443899999979 0.12044403400000014 7.266291924
22 5817152370.980478 32938.6352084103 5817152116.160479 32683.8152084103 0.03747445000000038 0.10358484999999984 7.429525142
23 707849.3863431662 32938.6352084103 707594.5663431663 32683.8152084103 0.10048413400000022 0.10423355500000042 7.572930757
24 895380018.4495269 32938.6352084103 895379763.6295269 32683.8152084103 0.04185483000000012 0.10469965400000003 7.780191354
25 40021066.31666987 32938.6352084103 40020811.496669866 32683.8152084103 0.05829384099999935 0.12252238399999982 7.928662151
26 41215718.191094056 32938.6352084103 41215463.371094055 32683.8152084103 0.062407835000000134 0.1503269930000002 8.112122905
27 36048157385.77828 32938.6352084103 36048157130.95828 32683.8152084103 0.11871381099999923 1.0984164930000002 8.327798805
28 1046610.1046004248 32938.6352084103 1046355.2846004248 32683.8152084103 0.15424048100000043 0.3839434619999995 9.547338005
29 15393719551.984114 32938.6352084103 15393719297.164114 32683.8152084103 0.12185712199999976 0.33782486600000006 10.088164019
30 1208504358.734506 32938.6352084103 1208504103.914506 32683.8152084103 0.15167870900000047 0.4687399939999999 10.549886746
31 39167981560.68649 32938.6352084103 39167981305.86649 32683.8152084103 0.137022129 0.36604144500000046 11.172942355
32 543319510.5336114 32938.6352084103 543319255.7136114 32683.8152084103 0.1254574280000007 0.368445844 11.679080306
33 109343922.28652877 32938.6352084103 109343667.46652877 32683.8152084103 0.13174738700000077 0.3676672080000003 12.17552424
34 108324.4807560844 32938.6352084103 108069.6607560844 32683.8152084103 0.1280312049999992 0.36278679700000005 12.677562648
35 134053202.74351779 32938.6352084103 134052947.9235178 32683.8152084103 0.1318270229999996 0.379340513999999 13.170581592
36 129958710.72526322 32938.6352084103 129958455.90526323 32683.8152084103 0.14224236499999954 0.7173370660000007 13.683954886
37 8238.711319644717 8238.711319644717 7983.891319644717 7983.891319644717 0.08124690800000067 0.24454538800000059 14.545808986
38 454866976.21198314 8238.711319644717 454866721.39198315 7983.891319644717 0.08380051299999991 0.2260349090000009 14.873722621
39 591978.4394906794 8238.711319644717 591723.6194906795 7983.891319644717 0.08090854099999945 0.22216354699999918 15.185483225
40 4568822.168138909 8238.711319644717 4568567.348138909 7983.891319644717 0.08024104600000115 0.2953265260000002 15.49098247
41 11363688.422544857 8238.711319644717 11363433.602544857 7983.891319644717 0.08743782699999869 0.22926121699999769 15.869057826
42 5065340.999675682 8238.711319644717 5065086.1796756815 7983.891319644717 0.08496451299999919 0.2477535830000015 16.188056133
43 263499726.43770614 8238.711319644717 263499471.61770615 7983.891319644717 0.13342402700000022 0.2622701509999992 16.522893634
44 37214519.639158286 8238.711319644717 37214264.819158286 7983.891319644717 0.09373334 0.2714743590000026 16.921703143
45 25106871.95035696 8238.711319644717 25106617.13035696 7983.891319644717 0.10163156499999815 0.25699515699999864 17.289245166
46 86906801.19055589 8238.711319644717 86906546.3705559 7983.891319644717 0.12178833699999814 0.3604144249999983 17.650744642
47 1294.110826566061 1294.110826566061 1039.290826566061 1039.290826566061 0.08415926200000001 0.25024381300000087 18.135459254
48 511167019.1069639 1294.110826566061 511166764.2869639 1039.290826566061 0.0854154780000016 0.2445323220000013 18.472534507
49 2278377656.9311004 1294.110826566061 2278377402.1111 1039.290826566061 0.07921184099999934 0.24459658500000003 18.804859313
50 219780787.30048272 1294.110826566061 219780532.48048273 1039.290826566061 0.11621534400000044 0.3380053669999974 19.131159461
51 1239005371.4728193 1294.110826566061 1239005116.6528194 1039.290826566061 0.080663457 0.2513172860000026 19.588065024
52 671043.695450645 1294.110826566061 670788.8754506451 1039.290826566061 0.07612184099999908 0.728954452 19.922824101
53 89763.3541824506 1294.110826566061 89508.53418245059 1039.290826566061 0.07690783600000017 0.22071338199999957 20.729986461
54 10547787.169105794 1294.110826566061 10547532.349105794 1039.290826566061 0.07818350499999838 0.23082126100000266 21.029944368
55 1147275226.4579084 1294.110826566061 1147274971.6379085 1039.290826566061 0.07942687000000248 0.23232888600000123 21.340972625
56 1505229.883388644 1294.110826566061 1504975.063388644 1039.290826566061 0.07948415699999956 0.23344345499999974 21.655510795
57 138041.02076683912 1294.110826566061 137786.20076683912 1039.290826566061 0.08366725900000205 0.24017828999999935 21.970568664
58 970.6142460515819 970.6142460515819 715.7942460515819 715.7942460515819 0.07914372300000139 0.23324360199999816 22.296926589
59 3211248715.1624703 970.6142460515819 3211248460.34247 715.7942460515819 0.08183172100000036 0.24020559699999922 22.611872439
60 4629856133.649426 970.6142460515819 4629855878.829427 715.7942460515819 0.10291207899999932 0.24848694199999954 22.936261276
61 1793850.7442491357 970.6142460515819 1793595.9242491357 715.7942460515819 0.08624724599999922 0.33219422399999843 23.290520374
62 101747513.06019086 970.6142460515819 101747258.24019086 715.7942460515819 0.10139219400000243 0.2585738380000002 23.711820537
63 188604.9481554884 970.6142460515819 188350.1281554884 715.7942460515819 0.08390258100000025 0.2583351090000008 24.074374821
64 567766.3885229401 970.6142460515819 567511.5685229402 715.7942460515819 0.118505901999999 0.26381005300000027 24.419431088
65 9908510.060743516 970.6142460515819 9908255.240743516 715.7942460515819 0.08990791100000095 0.33002188400000065 24.804443887
66 11485315092.085636 970.6142460515819 11485314837.265636 715.7942460515819 0.08355607800000087 0.2575847220000007 25.226634609
67 22874.651666432346 970.6142460515819 22619.831666432347 715.7942460515819 0.0932380629999976 0.3034779070000013 25.569905041
68 1936270612.1427834 970.6142460515819 1936270357.3227835 715.7942460515819 0.08635160200000058 0.2808599059999999 25.969044776
69 76367260.95621307 970.6142460515819 76367006.13621308 715.7942460515819 0.08513740500000111 0.2558285530000006 26.338503451
70 210258945.34755224 970.6142460515819 210258690.52755225 715.7942460515819 0.08445218999999682 0.2665703730000004 26.681539865
