"function evaluation" "current f(x)" "best-so-far f(x)" "current af(x)+b" "best af(x)+b" acq_opt_time model_fit_time cum_iteration_time
1 289.6644134033314 289.6644134033314 684.1444134033314 684.1444134033314 None None None
2 168.5026574463925 168.5026574463925 562.9826574463925 562.9826574463925 None None None
3 181.21113796528812 168.5026574463925 575.6911379652881 562.9826574463925 None None None
4 119.10852132639786 119.10852132639786 513.5885213263979 513.5885213263979 None None None
5 126.36100328666998 119.10852132639786 520.84100328667 513.5885213263979 None None None
6 292.1311599462799 119.10852132639786 686.6111599462799 513.5885213263979 None None None
7 59.24323093407327 59.24323093407327 453.7232309340733 453.7232309340733 None None None
8 190.58816638743122 59.24323093407327 585.0681663874312 453.7232309340733 None None None
9 142.17786775223453 59.24323093407327 536.6578677522346 453.7232309340733 None None None
10 265.82489842652853 59.24323093407327 660.3048984265286 453.7232309340733 None None None
11 234.35697535999998 59.24323093407327 628.83697536 453.7232309340733 0.16430647600000015 0.16934004099999989 0
12 234.35697535999998 59.24323093407327 628.83697536 453.7232309340733 0.16939073400000026 0.2018646959999999 3.767039871
13 234.35697535999998 59.24323093407327 628.83697536 453.7232309340733 0.18247399400000042 0.23480781900000025 4.139430845
14 234.35697535999998 59.24323093407327 628.83697536 453.7232309340733 0.2754530089999996 0.2640998579999998 4.55806639
15 234.35697535999998 59.24323093407327 628.83697536 453.7232309340733 0.28143160099999953 0.26800058500000024 5.09889897
16 234.35697535999998 59.24323093407327 628.83697536 453.7232309340733 0.4374395109999991 0.24831077199999996 5.649835123
17 234.35697535999998 59.24323093407327 628.83697536 453.7232309340733 0.6123281450000002 0.31692433899999983 6.337075422
18 234.35697535999998 59.24323093407327 628.83697536 453.7232309340733 0.38336555400000005 0.3344866959999999 7.267756562
19 234.35697535999998 59.24323093407327 628.83697536 453.7232309340733 0.36026931999999867 0.597423772 7.9870107
20 234.35697535999998 59.24323093407327 628.83697536 453.7232309340733 0.3812330079999988 0.5774547190000003 8.94606274
21 234.35697535999998 59.24323093407327 628.83697536 453.7232309340733 0.30107029799999907 0.6177875159999999 9.906263389
22 234.35697535999998 59.24323093407327 628.83697536 453.7232309340733 0.23151225500000017 0.6999665560000015 10.826264988
23 234.35697535999998 59.24323093407327 628.83697536 453.7232309340733 0.36349451799999954 0.709397083999999 11.75917932
24 234.35697535999998 59.24323093407327 628.83697536 453.7232309340733 0.31570617599999906 0.3038000830000005 12.833486141
25 234.35697535999998 59.24323093407327 628.83697536 453.7232309340733 0.2223474620000001 0.28436161900000023 13.454441384
26 234.35697535999998 59.24323093407327 628.83697536 453.7232309340733 0.20815237000000053 0.2743491779999996 13.962492205
27 234.35697535999998 59.24323093407327 628.83697536 453.7232309340733 0.30905792899999973 0.30526690599999995 14.446260892
28 234.35697535999998 59.24323093407327 628.83697536 453.7232309340733 0.22019349600000027 0.2891694669999989 15.061939561
29 234.35697535999998 59.24323093407327 628.83697536 453.7232309340733 0.4029111299999997 0.27400282099999984 15.572630127
30 234.35697535999998 59.24323093407327 628.83697536 453.7232309340733 0.20507287900000293 0.2718032589999986 16.25066929
31 234.35697535999998 59.24323093407327 628.83697536 453.7232309340733 0.20937179899999947 0.26784460300000035 16.728848808
32 234.35697535999998 59.24323093407327 628.83697536 453.7232309340733 0.21684830899999952 1.021370601000001 17.207364446
33 234.35697535999998 59.24323093407327 628.83697536 453.7232309340733 0.299909784999997 0.2984882860000013 18.447066804
34 234.35697535999998 59.24323093407327 628.83697536 453.7232309340733 0.2095562390000012 0.2717187879999976 19.046880253
35 234.35697535999998 59.24323093407327 628.83697536 453.7232309340733 0.21626944899999856 0.3398434530000003 19.529474917
36 234.35697535999998 59.24323093407327 628.83697536 453.7232309340733 0.315313261 0.33017410700000127 20.08704205
37 234.35697535999998 59.24323093407327 628.83697536 453.7232309340733 0.21311713000000054 0.26785020599999854 20.734011605
38 234.35697535999998 59.24323093407327 628.83697536 453.7232309340733 0.30303443800000096 0.29800323699999964 21.216316517
39 234.35697535999998 59.24323093407327 628.83697536 453.7232309340733 0.20794791899999865 0.26663001700000066 21.818944382
40 234.35697535999998 59.24323093407327 628.83697536 453.7232309340733 0.21349861000000203 0.28446928900000046 22.294801825
41 234.35697535999998 59.24323093407327 628.83697536 453.7232309340733 0.21178521299999886 0.282380431 22.794138725
42 234.35697535999998 59.24323093407327 628.83697536 453.7232309340733 0.39193049 0.3051672269999983 23.289770752
43 234.35697535999998 59.24323093407327 628.83697536 453.7232309340733 0.21448364700000155 0.27349228499999967 23.988078272
44 234.35697535999998 59.24323093407327 628.83697536 453.7232309340733 0.20002575499999864 0.5969067319999972 24.477442326
45 234.35697535999998 59.24323093407327 628.83697536 453.7232309340733 0.20602173999999707 0.26800745899999967 25.275830515
46 234.35697535999998 59.24323093407327 628.83697536 453.7232309340733 0.31601904800000113 0.29332252000000025 25.751161875
47 234.35697535999998 59.24323093407327 628.83697536 453.7232309340733 0.33231641499999753 0.32451829400000065 26.362108815
48 234.35697535999998 59.24323093407327 628.83697536 453.7232309340733 0.38472439799999947 0.3244105039999994 27.020618929
49 234.35697535999998 59.24323093407327 628.83697536 453.7232309340733 0.23008029999999735 0.3182174379999978 27.731442168
50 234.35697535999998 59.24323093407327 628.83697536 453.7232309340733 0.3088534989999978 0.32066774700000167 28.281482083
51 234.35697535999998 59.24323093407327 628.83697536 453.7232309340733 0.31664487200000124 0.3178312599999984 28.912370663
52 234.35697535999998 59.24323093407327 628.83697536 453.7232309340733 0.30687666999999763 0.598760691999999 29.548209286
53 234.35697535999998 59.24323093407327 628.83697536 453.7232309340733 0.4160884559999971 1.2942672309999992 30.455578944
54 234.35697535999998 59.24323093407327 628.83697536 453.7232309340733 0.4918198820000015 0.7316355749999985 32.167229361
55 234.35697535999998 59.24323093407327 628.83697536 453.7232309340733 0.3741851979999993 0.5482321360000029 33.391855638
56 234.35697535999998 59.24323093407327 628.83697536 453.7232309340733 0.42032858799999673 1.215255384999999 34.315386209
57 234.35697535999998 59.24323093407327 628.83697536 453.7232309340733 0.435556689000002 1.069079834 35.952101791
58 234.35697535999998 59.24323093407327 628.83697536 453.7232309340733 0.40507753100000343 0.641966410000002 37.457846509
59 234.35697535999998 59.24323093407327 628.83697536 453.7232309340733 0.3794041700000008 0.7548292999999973 38.506018504
60 234.35697535999998 59.24323093407327 628.83697536 453.7232309340733 0.5964311170000016 1.002610077 39.64184557
61 234.35697535999998 59.24323093407327 628.83697536 453.7232309340733 0.23457232000000516 0.3029319069999943 41.242438842
62 234.35697535999998 59.24323093407327 628.83697536 453.7232309340733 0.31132565000000056 0.32300125900000154 41.781574797
63 234.35697535999998 59.24323093407327 628.83697536 453.7232309340733 0.3697059030000034 0.6137846380000056 42.417291589
64 234.35697535999998 59.24323093407327 628.83697536 453.7232309340733 0.4218396059999989 0.6992141699999976 43.401939724
65 234.35697535999998 59.24323093407327 628.83697536 453.7232309340733 0.3046944470000028 0.3370642810000035 44.524540606
66 234.35697535999998 59.24323093407327 628.83697536 453.7232309340733 0.21177063900000093 0.28137302300000044 45.167687634
67 234.35697535999998 59.24323093407327 628.83697536 453.7232309340733 0.21520509500000173 0.29059113399999603 45.662492203
68 234.35697535999998 59.24323093407327 628.83697536 453.7232309340733 0.24274704500000155 0.31028774200000697 46.169659657
69 234.35697535999998 59.24323093407327 628.83697536 453.7232309340733 0.31055632000000344 0.3215329109999985 46.724207991
70 234.35697535999998 59.24323093407327 628.83697536 453.7232309340733 0.22019146100000597 0.2988774140000032 47.358255647
71 234.35697535999998 59.24323093407327 628.83697536 453.7232309340733 0.22854688700000025 0.29722787499999725 47.878670307
72 234.35697535999998 59.24323093407327 628.83697536 453.7232309340733 0.3177098909999998 0.3197605390000007 48.405935761
73 234.35697535999998 59.24323093407327 628.83697536 453.7232309340733 0.22019593400000304 0.2892160569999973 49.044763261
74 234.35697535999998 59.24323093407327 628.83697536 453.7232309340733 0.2208585150000033 0.2929416399999951 49.555532746
75 234.35697535999998 59.24323093407327 628.83697536 453.7232309340733 0.599674868000001 0.42758034900000297 50.071028551
76 234.35697535999998 59.24323093407327 628.83697536 453.7232309340733 0.26838216200000176 0.34641179200000494 51.099666521
77 234.35697535999998 59.24323093407327 628.83697536 453.7232309340733 0.2525934800000016 0.328654659999998 51.715886779
78 234.35697535999998 59.24323093407327 628.83697536 453.7232309340733 0.23903952400000605 0.29705041500000107 52.298517734
79 234.35697535999998 59.24323093407327 628.83697536 453.7232309340733 0.32249697400000343 0.3376960430000011 52.836019411
80 234.35697535999998 59.24323093407327 628.83697536 453.7232309340733 0.23340324300000503 0.2917879529999965 53.49770887
81 234.35697535999998 59.24323093407327 628.83697536 453.7232309340733 0.2217065869999999 0.47545644199999515 54.024584233
82 234.35697535999998 59.24323093407327 628.83697536 453.7232309340733 0.2263926900000044 0.2874491410000033 54.723416273
83 234.35697535999998 59.24323093407327 628.83697536 453.7232309340733 0.31562322500000306 0.3209217200000012 55.238595318
84 234.35697535999998 59.24323093407327 628.83697536 453.7232309340733 0.22044758999999914 0.2863273299999989 55.876494889
85 234.35697535999998 59.24323093407327 628.83697536 453.7232309340733 0.2198157469999984 0.2894608020000007 56.384625601
86 234.35697535999998 59.24323093407327 628.83697536 453.7232309340733 0.22850077499999344 0.29067372099999744 56.895196131
87 234.35697535999998 59.24323093407327 628.83697536 453.7232309340733 0.448218562000001 0.3244021659999987 57.415912169
88 234.35697535999998 59.24323093407327 628.83697536 453.7232309340733 0.33692857599999826 0.7626688959999939 58.189931358
89 234.35697535999998 59.24323093407327 628.83697536 453.7232309340733 0.3452948550000059 0.33684055100000165 59.290862081
90 234.35697535999998 59.24323093407327 628.83697536 453.7232309340733 0.35803294800000174 0.3497062829999962 59.974544566
91 234.35697535999998 59.24323093407327 628.83697536 453.7232309340733 0.366989401000005 0.3561823610000019 60.683778715
92 234.35697535999998 59.24323093407327 628.83697536 453.7232309340733 0.24779653400000257 0.44941837700000065 61.408629231
93 234.35697535999998 59.24323093407327 628.83697536 453.7232309340733 0.3367462020000005 0.34622423000000424 62.10729687
94 234.35697535999998 59.24323093407327 628.83697536 453.7232309340733 0.3637519800000035 0.355217770000003 62.791625293
95 234.35697535999998 59.24323093407327 628.83697536 453.7232309340733 0.34511436100000026 0.3510312020000015 63.51212158
96 234.35697535999998 59.24323093407327 628.83697536 453.7232309340733 0.3337508999999983 0.3414623540000008 64.209652211
97 234.35697535999998 59.24323093407327 628.83697536 453.7232309340733 0.23664923699999463 0.3152108189999865 64.886502076
98 234.35697535999998 59.24323093407327 628.83697536 453.7232309340733 0.26001869299999214 0.7063135709999955 65.439899281
99 234.35697535999998 59.24323093407327 628.83697536 453.7232309340733 0.6947674470000038 1.2168807079999908 66.407618088
100 234.35697535999998 59.24323093407327 628.83697536 453.7232309340733 0.764091147000002 0.6922979799999922 68.320853359
101 234.35697535999998 59.24323093407327 628.83697536 453.7232309340733 0.4889996569999937 0.6123428329999996 69.778689128
102 234.35697535999998 59.24323093407327 628.83697536 453.7232309340733 0.530944452 0.618660325999997 70.881573834
103 234.35697535999998 59.24323093407327 628.83697536 453.7232309340733 0.9273998170000084 0.6662026529999991 72.032806932
104 234.35697535999998 59.24323093407327 628.83697536 453.7232309340733 0.5079384830000038 1.1410970200000037 73.633554844
105 234.35697535999998 59.24323093407327 628.83697536 453.7232309340733 0.5852110900000014 0.6220939740000091 75.284140531
106 234.35697535999998 59.24323093407327 628.83697536 453.7232309340733 0.6823017290000024 0.6960450009999875 76.492982972
107 234.35697535999998 59.24323093407327 628.83697536 453.7232309340733 0.571468799999991 1.2114843110000066 77.872729063
108 234.35697535999998 59.24323093407327 628.83697536 453.7232309340733 0.5672694390000004 0.6165377319999976 79.657265285
109 234.35697535999998 59.24323093407327 628.83697536 453.7232309340733 0.7897739579999978 1.3347809899999987 80.842720186
110 234.35697535999998 59.24323093407327 628.83697536 453.7232309340733 0.8785884389999978 1.3049443860000025 82.968747951
111 234.35697535999998 59.24323093407327 628.83697536 453.7232309340733 0.30153705700000444 1.0085425759999964 85.153759629
112 234.35697535999998 59.24323093407327 628.83697536 453.7232309340733 0.36847977100001117 0.3873339040000019 86.465461882
113 234.35697535999998 59.24323093407327 628.83697536 453.7232309340733 0.23648766200000182 0.4355686540000079 87.223102148
114 234.35697535999998 59.24323093407327 628.83697536 453.7232309340733 0.3373428090000061 0.3673344989999947 87.896848064
115 234.35697535999998 59.24323093407327 628.83697536 453.7232309340733 0.39114631900000063 0.870832987 88.602994039
116 234.35697535999998 59.24323093407327 628.83697536 453.7232309340733 0.2399686760000037 0.3495377859999991 89.866525618
117 234.35697535999998 59.24323093407327 628.83697536 453.7232309340733 0.35329191399999615 0.420720940999999 90.457614678
118 234.35697535999998 59.24323093407327 628.83697536 453.7232309340733 0.365140003999997 0.36867925500000354 91.233281088
119 234.35697535999998 59.24323093407327 628.83697536 453.7232309340733 0.540801125999991 0.5593861880000048 91.96874937
120 234.35697535999998 59.24323093407327 628.83697536 453.7232309340733 0.49957513299999334 0.7262998380000028 93.070435426
121 234.35697535999998 59.24323093407327 628.83697536 453.7232309340733 0.6102525440000051 0.7117816399999981 94.297888378
122 234.35697535999998 59.24323093407327 628.83697536 453.7232309340733 0.7456304700000089 0.6850851490000025 95.621646909
123 234.35697535999998 59.24323093407327 628.83697536 453.7232309340733 0.502048055000003 0.7065032189999982 97.053910197
124 234.35697535999998 59.24323093407327 628.83697536 453.7232309340733 0.27352586299998904 0.45624191099999223 98.264142028
125 234.35697535999998 59.24323093407327 628.83697536 453.7232309340733 0.2580187300000034 0.36303753400000005 98.99531618
126 234.35697535999998 59.24323093407327 628.83697536 453.7232309340733 0.5538088170000037 0.33246511100000475 99.617822903
127 234.35697535999998 59.24323093407327 628.83697536 453.7232309340733 0.7840140640000044 0.7744551309999963 100.505701865
128 234.35697535999998 59.24323093407327 628.83697536 453.7232309340733 0.5438599760000074 1.162983562000008 102.065655462
129 234.35697535999998 59.24323093407327 628.83697536 453.7232309340733 0.5280714000000017 0.7216438760000017 103.774057545
130 234.35697535999998 59.24323093407327 628.83697536 453.7232309340733 0.5887745189999976 0.7630293290000054 105.025417767
131 234.35697535999998 59.24323093407327 628.83697536 453.7232309340733 0.6104522389999971 0.7825978839999976 106.378749073
132 234.35697535999998 59.24323093407327 628.83697536 453.7232309340733 0.5537369469999902 0.7380414179999946 107.773304842
133 234.35697535999998 59.24323093407327 628.83697536 453.7232309340733 0.5292713280000072 0.6917925289999971 109.066549388
134 234.35697535999998 59.24323093407327 628.83697536 453.7232309340733 0.5289134120000085 0.6824800430000124 110.289166978
135 234.35697535999998 59.24323093407327 628.83697536 453.7232309340733 0.37435896000000923 0.5845162360000131 111.502242017
136 234.35697535999998 59.24323093407327 628.83697536 453.7232309340733 0.3622433760000092 0.398656160999991 112.462696091
137 234.35697535999998 59.24323093407327 628.83697536 453.7232309340733 0.3727192670000079 0.3834743169999939 113.225134706
138 234.35697535999998 59.24323093407327 628.83697536 453.7232309340733 0.25683470600000646 0.3515488549999901 113.982806007
139 234.35697535999998 59.24323093407327 628.83697536 453.7232309340733 0.27561196100000984 0.35384497900000156 114.592757514
140 234.35697535999998 59.24323093407327 628.83697536 453.7232309340733 0.600883060000001 0.7147648889999942 115.223778839
141 234.35697535999998 59.24323093407327 628.83697536 453.7232309340733 0.9785102120000033 0.9767272759999912 116.541151804
142 234.35697535999998 59.24323093407327 628.83697536 453.7232309340733 0.26710399099999904 6.249925464 118.499293822
143 234.35697535999998 59.24323093407327 628.83697536 453.7232309340733 0.2768902440000005 0.33534063899999467 125.01788589
144 234.35697535999998 59.24323093407327 628.83697536 453.7232309340733 0.4387747990000008 0.5629465889999921 125.631475673
145 234.35697535999998 59.24323093407327 628.83697536 453.7232309340733 0.3080723339999878 0.40163739200001203 126.634675512
146 234.35697535999998 59.24323093407327 628.83697536 453.7232309340733 0.40232454599998846 0.7277555259999957 127.346088476
147 234.35697535999998 59.24323093407327 628.83697536 453.7232309340733 0.2708128639999927 0.46852741500001116 128.477651022
148 234.35697535999998 59.24323093407327 628.83697536 453.7232309340733 0.6662639250000097 0.8402420550000045 129.218458586
149 234.35697535999998 59.24323093407327 628.83697536 453.7232309340733 0.5927569779999828 0.9334911029999944 130.726752545
150 234.35697535999998 59.24323093407327 628.83697536 453.7232309340733 0.5695544689999963 1.0146591210000224 132.254343978
