"function evaluation" "current f(x)" "best-so-far f(x)" "current af(x)+b" "best af(x)+b" acq_opt_time model_fit_time cum_iteration_time
1 9.911814004716916 9.911814004716916 404.39181400471693 404.39181400471693 None None None
2 68.64287801084276 9.911814004716916 463.1228780108428 404.39181400471693 None None None
3 5.663934719999986 5.663934719999986 400.14393472 400.14393472 0.019905695999999917 0.020253486000000098 0
4 5.385271236373114 5.385271236373114 399.86527123637313 399.86527123637313 0.023170434000000295 0.03983104500000012 3.25075073
5 5.115616355962345 5.115616355962345 399.59561635596236 399.59561635596236 0.02581018299999993 0.03895314900000013 3.314576938
6 4.8549700787676215 4.8549700787676215 399.33497007876764 399.33497007876764 0.024458271999999948 0.04403062600000007 3.380117756
7 3.282687028454575 3.282687028454575 397.7626870284546 397.7626870284546 0.02370488599999998 0.0421893579999999 3.449527748
8 4.6033324047890005 3.282687028454575 399.083332404789 397.7626870284546 0.025076793000000208 0.044683934000000036 3.516421277
9 2.74398048370432 2.74398048370432 397.22398048370434 397.22398048370434 0.022088010000000047 0.04357692799999979 3.587336882
10 4.1270828664798955 2.74398048370432 398.6070828664799 397.22398048370434 0.027105610000000002 0.04386846799999988 3.653823451
11 5.520573249795973 2.74398048370432 400.000573249796 397.22398048370434 0.023988588000000366 0.04468338299999974 3.725694985
12 3.7591095319453984 2.74398048370432 398.2391095319454 397.22398048370434 0.022721653000000064 0.04489748399999982 3.795210179
13 4.577255741575584 2.74398048370432 399.0572557415756 397.22398048370434 0.025415632999999715 0.05684429499999988 3.863677838
14 5.260876119036084 2.74398048370432 399.7408761190361 397.22398048370434 0.027302018999999955 0.04984020400000011 3.946944394
15 3.849368529287858 2.74398048370432 398.3293685292879 397.22398048370434 0.051097049000000005 0.06815400500000024 4.025000993
16 5.1445404584802645 2.74398048370432 399.6245404584803 397.22398048370434 0.09490772399999958 0.05724236200000021 4.174075778
17 4.200273803825041 2.74398048370432 398.68027380382506 397.22398048370434 0.09476586999999981 0.060821235000000584 4.327272483
18 5.037213401140491 2.74398048370432 399.5172134011405 397.22398048370434 0.07387599499999986 0.12050461499999976 4.483890848
19 3.2025587459447706 2.74398048370432 397.6825587459448 397.22398048370434 0.06189176200000013 0.11604569100000006 4.679913184
20 4.083938143269222 2.74398048370432 398.56393814326924 397.22398048370434 0.06185331999999999 0.12036621500000066 4.859023114
21 3.2838091400711846 2.74398048370432 397.7638091400712 397.22398048370434 0.07099507700000007 0.12354615899999999 5.042371803
22 3.9766110859294486 2.74398048370432 398.45661108592947 397.22398048370434 0.062013111999999815 0.11907713100000006 5.238283606
23 2.9608788216170296 2.74398048370432 397.44087882161705 397.22398048370434 0.06095279299999934 0.11586099700000041 5.420712341
24 1.80229965851629 1.80229965851629 396.2822996585163 396.2822996585163 0.06226702299999953 0.11525434100000087 5.598622002
25 4.129930305784399 1.80229965851629 398.6099303057844 396.2822996585163 0.05975744599999988 0.117541385 5.777272217
26 3.2757496832899164 1.80229965851629 397.75574968328993 396.2822996585163 0.05635923700000056 0.11526762200000018 5.955641019
27 2.28635136789876 1.80229965851629 396.7663513678988 396.2822996585163 0.06186926899999978 0.13091208699999957 6.128337744
28 2.691050976024485 1.80229965851629 397.1710509760245 396.2822996585163 0.07805591700000036 0.7509760440000006 6.322304619
29 2.3047145046944024 1.80229965851629 396.7847145046944 396.2822996585163 0.07542998200000017 0.1559236559999997 7.155859416
30 2.0086370307067227 1.80229965851629 396.48863703070674 396.2822996585163 0.06534921599999954 0.7673442079999999 7.388479995
31 1.7038082392108436 1.7038082392108436 396.18380823921086 396.18380823921086 0.06969312500000058 0.13213026200000044 8.222408628
32 2.853551764277313 1.7038082392108436 397.33355176427733 396.18380823921086 0.062223752999999604 0.13535909600000018 8.425498439
33 1.5338512102482014 1.5338512102482014 396.0138512102482 396.0138512102482 0.06440371400000089 0.1315481820000013 8.624499085
34 1.6320853438458016 1.5338512102482014 396.1120853438458 396.0138512102482 0.07110817000000047 0.13052519399999873 8.821662761
35 2.3951464672185807 1.5338512102482014 396.8751464672186 396.0138512102482 0.030341925000000103 0.142358282 9.024611844
36 1.883292766934801 1.5338512102482014 396.3632927669348 396.0138512102482 0.030195119000000048 0.05996388800000041 9.198568414
37 1.2227726101851317 1.2227726101851317 395.70277261018515 395.70277261018515 0.03183886899999955 0.061587381999999025 9.290190331
38 1.4623856005909488 1.2227726101851317 395.94238560059097 395.70277261018515 0.04125514200000069 0.06007229799999969 9.384767253
39 4.93889494701682 1.2227726101851317 399.41889494701684 395.70277261018515 0.029685659000000086 0.059140752999999435 9.487332906
40 4.635707162682763 1.2227726101851317 399.1157071626828 395.70277261018515 0.029795646000000175 0.05981371499999888 9.577325135
41 1.2143672230404263 1.2143672230404263 395.69436722304044 395.69436722304044 0.030291505000000996 0.05948644099999889 9.668146811
42 2.0630345803666614 1.2143672230404263 396.5430345803667 395.69436722304044 0.03227219700000106 0.06154187200000116 9.758958703
43 1.6232497058114745 1.2143672230404263 396.1032497058115 395.69436722304044 0.03217501700000014 0.06326657700000027 9.854014254
44 1.3464801909247512 1.2143672230404263 395.82648019092477 395.69436722304044 0.03135966900000042 0.061921333999999106 9.95079229
45 3.4020430934966726 1.2143672230404263 397.8820430934967 395.69436722304044 0.03155020300000011 0.06282508700000022 10.045164534
46 1.6324312742092957 1.2143672230404263 396.1124312742093 395.69436722304044 0.031138982999999953 0.06285963000000017 10.14059539
47 1.3904054195180606 1.2143672230404263 395.8704054195181 395.69436722304044 0.03177210600000002 0.06297094699999839 10.235793869
48 1.2149704391117666 1.2143672230404263 395.6949704391118 395.69436722304044 0.03184190999999892 0.06404152300000021 10.331609021
49 2.254459471137352 1.2143672230404263 396.73445947113737 395.69436722304044 0.03162377599999999 0.06274867499999992 10.428641495
50 1.1586789207116794 1.1586789207116794 395.6386789207117 395.6386789207117 0.031282093999999816 0.06354694799999905 10.524103347
51 2.0189407107211537 1.1586789207116794 396.4989407107212 395.6386789207117 0.0314717550000001 0.06315330600000024 10.620206021
52 1.2245822583991526 1.1586789207116794 395.70458225839917 395.6386789207117 0.03380960299999991 0.18968259400000065 10.715904414
53 4.087388798645122 1.1586789207116794 398.56738879864514 395.6386789207117 0.033456988000001076 0.07024435800000006 10.940719719
54 1.2112668221575404 1.1586789207116794 395.69126682215756 395.6386789207117 0.032737284999999616 0.0721444929999997 11.045867998
55 4.582431724639434 1.1586789207116794 399.06243172463945 395.6386789207117 0.033070874999999944 0.08521417200000059 11.152078888
56 1.024326053723712 1.024326053723712 395.50432605372373 395.50432605372373 0.03150836799999901 0.06399078600000152 11.271682757
57 1.243202680902641 1.024326053723712 395.72320268090266 395.50432605372373 0.030788367999999622 0.06459470299999914 11.368317357
58 1.4077704030773361 1.024326053723712 395.88777040307735 395.50432605372373 0.042139822000001104 0.06312255299999947 11.464864212
59 1.4714338416611668 1.024326053723712 395.9514338416612 395.50432605372373 0.031110484999999244 0.06509592899999994 11.571284268
60 0.9434215899607921 0.9434215899607921 395.4234215899608 395.4234215899608 0.03098253799999995 0.06465378600000093 11.668693556
61 3.8267425214503987 0.9434215899607921 398.3067425214504 395.4234215899608 0.030891998999999615 0.06357649299999935 11.765552886
62 0.8197140092212294 0.8197140092212294 395.29971400922125 395.29971400922125 0.03131190400000072 0.06403555600000033 11.86112817
63 3.0988553091626727 0.8197140092212294 397.5788553091627 395.29971400922125 0.03209313799999869 0.06376563400000101 11.957545266
64 1.7048460303013258 0.8197140092212294 396.18484603030134 395.29971400922125 0.031276876999999814 0.06322547699999959 12.054529271
65 1.077259885533067 0.8197140092212294 395.5572598855331 395.29971400922125 0.031581125000000654 0.0655894770000014 12.150290797
66 0.9429913390712272 0.8197140092212294 395.42299133907125 395.29971400922125 0.032906650000001036 0.06718157499999933 12.248584623
67 1.6257865284770787 0.8197140092212294 396.1057865284771 395.29971400922125 0.032814942999999985 0.07036060000000077 12.349821045
68 0.8270859294049728 0.8197140092212294 395.307085929405 395.29971400922125 0.03402739099999863 0.0708430799999995 12.454206763
69 1.71647577670916 0.8197140092212294 396.1964757767092 395.29971400922125 0.03334299800000018 0.07062318200000028 12.560260571
70 0.7033783486653533 0.7033783486653533 395.18337834866537 395.18337834866537 0.03279005899999987 0.0714151619999992 12.665542671
