"function evaluation" "current f(x)" "best-so-far f(x)" "current af(x)+b" "best af(x)+b" acq_opt_time model_fit_time cum_iteration_time
1 135.14753920288274 135.14753920288274 42.497539202882734 42.497539202882734 None None None
2 86.40926182798974 86.40926182798974 -6.240738172010268 -6.240738172010268 None None None
3 165.87617016545204 86.40926182798974 73.22617016545203 -6.240738172010268 None None None
4 85.12818511973336 85.12818511973336 -7.521814880266646 -7.521814880266646 None None None
5 96.7687000514932 85.12818511973336 4.118700051493192 -7.521814880266646 None None None
6 95.91349172754381 85.12818511973336 3.2634917275438085 -7.521814880266646 None None None
7 135.67194008572588 85.12818511973336 43.02194008572587 -7.521814880266646 None None None
8 51.63352523954779 51.63352523954779 -41.01647476045222 -41.01647476045222 None None None
9 144.32381846958248 51.63352523954779 51.67381846958247 -41.01647476045222 None None None
10 86.05121237075808 51.63352523954779 -6.598787629241926 -41.01647476045222 None None None
11 314.44680320000003 51.63352523954779 221.79680320000003 -41.01647476045222 0.22643272699999972 0.19061948399999995 0
12 314.44680320000003 51.63352523954779 221.79680320000003 -41.01647476045222 0.15107972899999966 0.1922364540000001 3.569834556
13 314.44680320000003 51.63352523954779 221.79680320000003 -41.01647476045222 0.21958206299999983 0.21746527599999954 3.914156227
14 314.44680320000003 51.63352523954779 221.79680320000003 -41.01647476045222 0.3168369880000004 0.2462359239999996 4.352253413
15 314.44680320000003 51.63352523954779 221.79680320000003 -41.01647476045222 0.58415778 0.28687591 5.063280017
16 314.44680320000003 51.63352523954779 221.79680320000003 -41.01647476045222 0.5017931149999999 0.3366971430000003 5.935547275
17 314.44680320000003 51.63352523954779 221.79680320000003 -41.01647476045222 0.5566028770000004 0.27377416399999976 6.775227549
18 314.44680320000003 51.63352523954779 221.79680320000003 -41.01647476045222 0.16074399299999964 0.3848623530000008 7.606694255
19 314.44680320000003 51.63352523954779 221.79680320000003 -41.01647476045222 0.1626424170000007 0.2106216639999996 8.153533735
20 314.44680320000003 51.63352523954779 221.79680320000003 -41.01647476045222 0.24897956500000085 0.24444261400000045 8.528148312
21 314.44680320000003 51.63352523954779 221.79680320000003 -41.01647476045222 0.17443021300000083 0.22400691100000003 9.022684808
22 314.44680320000003 51.63352523954779 221.79680320000003 -41.01647476045222 0.2733573319999998 0.4668667829999986 9.422472896
23 314.44680320000003 51.63352523954779 221.79680320000003 -41.01647476045222 0.22632845199999885 0.32990617899999997 10.165624353
24 314.44680320000003 51.63352523954779 221.79680320000003 -41.01647476045222 0.1730161179999996 0.2289485029999998 10.723250059
25 314.44680320000003 51.63352523954779 221.79680320000003 -41.01647476045222 0.2571094219999992 0.243470254 11.126303223
26 314.44680320000003 51.63352523954779 221.79680320000003 -41.01647476045222 0.26052183899999903 0.25747101400000005 11.627979761
27 314.44680320000003 51.63352523954779 221.79680320000003 -41.01647476045222 0.17511205799999985 0.22556450000000083 12.147123973
28 314.44680320000003 51.63352523954779 221.79680320000003 -41.01647476045222 0.1754157420000002 0.228118220999999 12.54889126
29 314.44680320000003 51.63352523954779 221.79680320000003 -41.01647476045222 0.17526776799999944 0.2231409640000006 12.953595254
30 314.44680320000003 51.63352523954779 221.79680320000003 -41.01647476045222 0.3805354510000001 0.5541545440000011 13.353236725
31 314.44680320000003 51.63352523954779 221.79680320000003 -41.01647476045222 0.1781842600000001 0.33086807900000004 14.28924532
32 314.44680320000003 51.63352523954779 221.79680320000003 -41.01647476045222 0.38709725600000056 0.2397189190000013 14.799518614
33 314.44680320000003 51.63352523954779 221.79680320000003 -41.01647476045222 0.26995824699999993 0.42270321800000055 15.427518031
34 314.44680320000003 51.63352523954779 221.79680320000003 -41.01647476045222 0.5348956959999995 0.6328341809999998 16.121462938
35 314.44680320000003 51.63352523954779 221.79680320000003 -41.01647476045222 0.26145258200000043 0.4314743159999992 17.290520037
36 314.44680320000003 51.63352523954779 221.79680320000003 -41.01647476045222 0.1917913640000002 0.23817898200000087 17.984710196
37 314.44680320000003 51.63352523954779 221.79680320000003 -41.01647476045222 0.2561671049999994 0.2547294799999982 18.415898088
38 314.44680320000003 51.63352523954779 221.79680320000003 -41.01647476045222 0.17895165499999877 0.2274579920000015 18.927919654
39 314.44680320000003 51.63352523954779 221.79680320000003 -41.01647476045222 0.17768766600000063 0.22736498400000116 19.335441262
40 314.44680320000003 51.63352523954779 221.79680320000003 -41.01647476045222 0.17994786399999896 0.23441523700000033 19.741609888
41 314.44680320000003 51.63352523954779 221.79680320000003 -41.01647476045222 0.5730830770000033 0.23542250299999878 20.157111628
42 314.44680320000003 51.63352523954779 221.79680320000003 -41.01647476045222 0.18362280499999883 0.4413027249999999 20.968079774
43 314.44680320000003 51.63352523954779 221.79680320000003 -41.01647476045222 0.26712154799999865 0.2545493449999974 21.59546549
44 314.44680320000003 51.63352523954779 221.79680320000003 -41.01647476045222 0.1835921789999979 0.23312904399999823 22.118295049
45 314.44680320000003 51.63352523954779 221.79680320000003 -41.01647476045222 0.17714425700000191 0.22913529499999896 22.536313898
46 314.44680320000003 51.63352523954779 221.79680320000003 -41.01647476045222 0.17806003000000103 0.2283256609999995 22.943659017
47 314.44680320000003 51.63352523954779 221.79680320000003 -41.01647476045222 0.26780077900000165 0.26624926199999877 23.351302566
48 314.44680320000003 51.63352523954779 221.79680320000003 -41.01647476045222 0.17679089599999998 0.6632496789999998 23.886590875
49 314.44680320000003 51.63352523954779 221.79680320000003 -41.01647476045222 0.17882684799999993 0.28532925300000045 24.727814525
50 314.44680320000003 51.63352523954779 221.79680320000003 -41.01647476045222 0.2658585130000013 0.2561506250000001 25.193193895
51 314.44680320000003 51.63352523954779 221.79680320000003 -41.01647476045222 0.1927124599999992 0.23946892900000094 25.716601135
52 314.44680320000003 51.63352523954779 221.79680320000003 -41.01647476045222 0.17916152000000096 0.4988798410000008 26.150115232
53 314.44680320000003 51.63352523954779 221.79680320000003 -41.01647476045222 0.26003206799999745 0.25611217599999847 26.829534303
54 314.44680320000003 51.63352523954779 221.79680320000003 -41.01647476045222 0.4564801850000002 0.25544022500000096 27.346834975
55 314.44680320000003 51.63352523954779 221.79680320000003 -41.01647476045222 0.18244780899999924 0.2847566229999998 28.059996443
56 314.44680320000003 51.63352523954779 221.79680320000003 -41.01647476045222 0.18284879400000165 0.23896252200000134 28.528582191
57 314.44680320000003 51.63352523954779 221.79680320000003 -41.01647476045222 0.18334377100000054 0.2315427409999984 28.951650739
58 314.44680320000003 51.63352523954779 221.79680320000003 -41.01647476045222 0.26752203499999894 0.2588666009999976 29.368112048
59 314.44680320000003 51.63352523954779 221.79680320000003 -41.01647476045222 0.1890220549999988 0.24467169699999758 29.895693949
60 314.44680320000003 51.63352523954779 221.79680320000003 -41.01647476045222 0.19147803099999905 0.23818709799999738 30.330706623
61 314.44680320000003 51.63352523954779 221.79680320000003 -41.01647476045222 0.19439964000000032 0.24682498299999978 30.761563109
62 314.44680320000003 51.63352523954779 221.79680320000003 -41.01647476045222 0.6558843959999976 0.268103797000002 31.203970131
63 314.44680320000003 51.63352523954779 221.79680320000003 -41.01647476045222 0.19271799399999878 0.27171718399999634 32.129197892
64 314.44680320000003 51.63352523954779 221.79680320000003 -41.01647476045222 0.19814469699999648 0.2551974639999983 32.594929672
65 314.44680320000003 51.63352523954779 221.79680320000003 -41.01647476045222 0.27801798400000166 0.283629334000004 33.049475772
66 314.44680320000003 51.63352523954779 221.79680320000003 -41.01647476045222 0.19022689699999518 0.245056543000004 33.612557381
67 314.44680320000003 51.63352523954779 221.79680320000003 -41.01647476045222 0.27988248999999854 0.2822022459999971 34.04912569
68 314.44680320000003 51.63352523954779 221.79680320000003 -41.01647476045222 0.28720494200000246 0.287123612000002 34.612407098
69 314.44680320000003 51.63352523954779 221.79680320000003 -41.01647476045222 0.2302786169999962 0.6286116779999986 35.187954627
70 314.44680320000003 51.63352523954779 221.79680320000003 -41.01647476045222 0.19731606300000237 0.2784765379999996 36.049636743
71 314.44680320000003 51.63352523954779 221.79680320000003 -41.01647476045222 0.27379559299999556 0.27416999199999736 36.526788176
72 314.44680320000003 51.63352523954779 221.79680320000003 -41.01647476045222 0.18407658600000332 0.2444250499999967 37.07600001
73 314.44680320000003 51.63352523954779 221.79680320000003 -41.01647476045222 0.26731414399999665 0.265701724000003 37.505770118
74 314.44680320000003 51.63352523954779 221.79680320000003 -41.01647476045222 0.28072152500000414 0.28490304399999644 38.040022088
75 314.44680320000003 51.63352523954779 221.79680320000003 -41.01647476045222 0.19551238700000084 0.25133005499999683 38.606906403
76 314.44680320000003 51.63352523954779 221.79680320000003 -41.01647476045222 0.3093937639999993 0.5631540199999989 39.055023219
77 314.44680320000003 51.63352523954779 221.79680320000003 -41.01647476045222 0.1907083740000033 0.24864926600000103 39.930064702
78 314.44680320000003 51.63352523954779 221.79680320000003 -41.01647476045222 0.19003586099999836 0.2544447269999992 40.370689471
79 314.44680320000003 51.63352523954779 221.79680320000003 -41.01647476045222 0.19892517899999973 0.25317078099999435 40.816435214
80 314.44680320000003 51.63352523954779 221.79680320000003 -41.01647476045222 0.19864367999999644 0.25788855100000063 41.269807427
81 314.44680320000003 51.63352523954779 221.79680320000003 -41.01647476045222 0.19611849799999703 0.2487161680000014 41.727570761
82 314.44680320000003 51.63352523954779 221.79680320000003 -41.01647476045222 0.195924423000001 0.25806583800000027 42.173715894
83 314.44680320000003 51.63352523954779 221.79680320000003 -41.01647476045222 0.20169553499999893 0.26421279800000264 42.628927547
84 314.44680320000003 51.63352523954779 221.79680320000003 -41.01647476045222 0.20960785799999826 0.5917997369999952 43.0962777
85 314.44680320000003 51.63352523954779 221.79680320000003 -41.01647476045222 0.3055404660000036 1.0042856739999948 43.899119815
86 314.44680320000003 51.63352523954779 221.79680320000003 -41.01647476045222 0.40397080799999685 0.32807658600000167 45.210185686
87 314.44680320000003 51.63352523954779 221.79680320000003 -41.01647476045222 0.19748588200000228 0.3604670429999999 45.947738648
88 314.44680320000003 51.63352523954779 221.79680320000003 -41.01647476045222 0.4002159489999997 0.287532297999995 46.506968897
89 314.44680320000003 51.63352523954779 221.79680320000003 -41.01647476045222 0.27879990000000276 0.3167183090000023 47.196009306
90 314.44680320000003 51.63352523954779 221.79680320000003 -41.01647476045222 0.20409425900000144 0.2731633060000007 47.79277776
91 314.44680320000003 51.63352523954779 221.79680320000003 -41.01647476045222 0.2900590650000012 0.29722570500000245 48.271410153
92 314.44680320000003 51.63352523954779 221.79680320000003 -41.01647476045222 0.3703580470000034 0.2848486629999982 48.860015268
93 314.44680320000003 51.63352523954779 221.79680320000003 -41.01647476045222 0.28844635299999766 0.32085535399999543 49.516768898
94 314.44680320000003 51.63352523954779 221.79680320000003 -41.01647476045222 0.19594309400000043 0.25771278599999903 50.127336438
95 314.44680320000003 51.63352523954779 221.79680320000003 -41.01647476045222 0.21507669100000015 0.48802988900000344 50.582211264
96 314.44680320000003 51.63352523954779 221.79680320000003 -41.01647476045222 0.4294078210000052 0.3537904350000005 51.286617901
97 314.44680320000003 51.63352523954779 221.79680320000003 -41.01647476045222 0.4282079449999969 0.558372679999998 52.070818412
98 314.44680320000003 51.63352523954779 221.79680320000003 -41.01647476045222 0.5734950350000005 0.813724913999998 53.058755087
99 314.44680320000003 51.63352523954779 221.79680320000003 -41.01647476045222 0.3119527650000009 1.021557467000001 54.447240924
100 314.44680320000003 51.63352523954779 221.79680320000003 -41.01647476045222 0.20719455900000128 0.26741969199999716 55.782012
101 314.44680320000003 51.63352523954779 221.79680320000003 -41.01647476045222 0.20607020500000317 0.2744644550000004 56.257908362
102 314.44680320000003 51.63352523954779 221.79680320000003 -41.01647476045222 0.2925237659999951 0.303469757000002 56.739835303
103 314.44680320000003 51.63352523954779 221.79680320000003 -41.01647476045222 0.199214309999995 0.26035863399999926 57.337124606
104 314.44680320000003 51.63352523954779 221.79680320000003 -41.01647476045222 0.29202382899999435 0.2883050269999998 57.797892894
105 314.44680320000003 51.63352523954779 221.79680320000003 -41.01647476045222 0.23459740100000204 0.5400458870000051 58.379525601
106 314.44680320000003 51.63352523954779 221.79680320000003 -41.01647476045222 0.30205389199999644 0.3025651410000023 59.155479831
107 314.44680320000003 51.63352523954779 221.79680320000003 -41.01647476045222 0.20845445700000198 0.27059935799999835 59.761376263
108 314.44680320000003 51.63352523954779 221.79680320000003 -41.01647476045222 0.19797476299999772 0.2712794099999982 60.241702271
109 314.44680320000003 51.63352523954779 221.79680320000003 -41.01647476045222 0.19899574200000103 0.26779088699999676 60.712149732
110 314.44680320000003 51.63352523954779 221.79680320000003 -41.01647476045222 0.21053482199999962 0.273683443000003 61.180306888
111 314.44680320000003 51.63352523954779 221.79680320000003 -41.01647476045222 0.21072304799999841 0.2777878099999995 61.665790058
112 314.44680320000003 51.63352523954779 221.79680320000003 -41.01647476045222 0.7111183940000032 0.6666506070000011 62.155545221
113 314.44680320000003 51.63352523954779 221.79680320000003 -41.01647476045222 0.2966403599999978 2.7454274799999965 63.534838696
114 314.44680320000003 51.63352523954779 221.79680320000003 -41.01647476045222 0.3544435420000127 0.42671566200000655 66.578440897
115 314.44680320000003 51.63352523954779 221.79680320000003 -41.01647476045222 0.3690558680000038 0.33069953000000396 67.361288983
116 314.44680320000003 51.63352523954779 221.79680320000003 -41.01647476045222 0.4880306310000009 0.7587508579999991 68.063076351
117 314.44680320000003 51.63352523954779 221.79680320000003 -41.01647476045222 0.4741718340000034 0.7604518179999928 69.311324609
118 314.44680320000003 51.63352523954779 221.79680320000003 -41.01647476045222 0.6607202809999961 0.6746192029999918 70.547536899
119 314.44680320000003 51.63352523954779 221.79680320000003 -41.01647476045222 0.5974282940000109 1.0755822049999892 71.88433597
120 314.44680320000003 51.63352523954779 221.79680320000003 -41.01647476045222 0.5016482620000033 0.6825387680000006 73.558721922
121 314.44680320000003 51.63352523954779 221.79680320000003 -41.01647476045222 0.6522072469999927 1.0479007400000029 74.744457006
122 314.44680320000003 51.63352523954779 221.79680320000003 -41.01647476045222 0.797180327999996 0.6262977260000042 76.445878602
123 314.44680320000003 51.63352523954779 221.79680320000003 -41.01647476045222 0.6251953619999995 1.0355961619999903 77.870664169
124 314.44680320000003 51.63352523954779 221.79680320000003 -41.01647476045222 0.47006571800000074 0.6444856250000015 79.532801757
125 314.44680320000003 51.63352523954779 221.79680320000003 -41.01647476045222 0.6510258580000112 0.699016020000002 80.648920292
126 314.44680320000003 51.63352523954779 221.79680320000003 -41.01647476045222 0.5456619410000059 0.5694846299999909 82.000281543
127 314.44680320000003 51.63352523954779 221.79680320000003 -41.01647476045222 0.6715697769999878 0.8290299469999951 83.117020375
128 314.44680320000003 51.63352523954779 221.79680320000003 -41.01647476045222 0.6537346040000074 0.8098968969999873 84.618956883
129 314.44680320000003 51.63352523954779 221.79680320000003 -41.01647476045222 0.43833973200000287 0.5739543229999953 86.083905571
130 314.44680320000003 51.63352523954779 221.79680320000003 -41.01647476045222 0.711756641000008 0.7432457529999965 87.098052285
131 314.44680320000003 51.63352523954779 221.79680320000003 -41.01647476045222 0.4636356890000002 0.8637553539999914 88.554392242
132 314.44680320000003 51.63352523954779 221.79680320000003 -41.01647476045222 0.689083631999992 0.7205462780000005 89.883054544
133 314.44680320000003 51.63352523954779 221.79680320000003 -41.01647476045222 0.7084362600000134 0.6672417779999904 91.293992293
134 314.44680320000003 51.63352523954779 221.79680320000003 -41.01647476045222 0.47787690200000554 0.6868671940000013 92.671068273
135 314.44680320000003 51.63352523954779 221.79680320000003 -41.01647476045222 0.473635172999991 2.7191450429999975 93.837137389
136 314.44680320000003 51.63352523954779 221.79680320000003 -41.01647476045222 0.4577754089999928 0.6083640899999949 97.031100388
137 314.44680320000003 51.63352523954779 221.79680320000003 -41.01647476045222 0.468298173000008 0.5769604329999964 98.098610234
138 314.44680320000003 51.63352523954779 221.79680320000003 -41.01647476045222 0.706803684999997 0.7498960949999969 99.145138902
139 314.44680320000003 51.63352523954779 221.79680320000003 -41.01647476045222 0.4281395759999924 0.8121483830000074 100.603206954
140 314.44680320000003 51.63352523954779 221.79680320000003 -41.01647476045222 0.662954850999995 2.0567828479999974 101.844819763
141 314.44680320000003 51.63352523954779 221.79680320000003 -41.01647476045222 0.6707794619999987 0.9358398620000088 104.566101254
142 314.44680320000003 51.63352523954779 221.79680320000003 -41.01647476045222 0.5356097070000061 1.1641739890000053 106.174042004
143 314.44680320000003 51.63352523954779 221.79680320000003 -41.01647476045222 0.49674055200000566 0.724955713 107.875394201
144 314.44680320000003 51.63352523954779 221.79680320000003 -41.01647476045222 0.5670268530000016 1.247702970000006 109.098531986
145 314.44680320000003 51.63352523954779 221.79680320000003 -41.01647476045222 0.2706781079999985 0.9489617509999988 110.91500261
146 314.44680320000003 51.63352523954779 221.79680320000003 -41.01647476045222 0.3791586440000003 0.5085778580000095 112.136140826
147 314.44680320000003 51.63352523954779 221.79680320000003 -41.01647476045222 0.3432598809999945 0.34693046900000013 113.02521827
148 314.44680320000003 51.63352523954779 221.79680320000003 -41.01647476045222 0.3438551839999917 0.35795166500000164 113.716754332
149 314.44680320000003 51.63352523954779 221.79680320000003 -41.01647476045222 0.34700168099999473 0.3540779960000009 114.419987272
150 314.44680320000003 51.63352523954779 221.79680320000003 -41.01647476045222 0.7534430119999911 0.9049889879999995 115.122620307
