"function evaluation" "current f(x)" "best-so-far f(x)" "current af(x)+b" "best af(x)+b" acq_opt_time model_fit_time cum_iteration_time
1 422.4988526222842 422.4988526222842 492.52885262228415 492.52885262228415 None None None
2 712.1642602458497 422.4988526222842 782.1942602458497 492.52885262228415 None None None
3 984.2904523316736 422.4988526222842 1054.3204523316736 492.52885262228415 None None None
4 819.3279008188429 422.4988526222842 889.3579008188428 492.52885262228415 None None None
5 1832.6391052889849 422.4988526222842 1902.6691052889848 492.52885262228415 None None None
6 799.702127164228 422.4988526222842 869.732127164228 492.52885262228415 None None None
7 1608.7829645279228 422.4988526222842 1678.8129645279228 492.52885262228415 None None None
8 613.8311814864506 422.4988526222842 683.8611814864506 492.52885262228415 None None None
9 769.9784819454696 422.4988526222842 840.0084819454696 492.52885262228415 None None None
10 598.3941165985444 422.4988526222842 668.4241165985444 492.52885262228415 None None None
11 756.7464045737546 422.4988526222842 826.7764045737546 492.52885262228415 0.23380059499999994 0.20271143999999985 0
12 756.7464045737546 422.4988526222842 826.7764045737546 492.52885262228415 0.26528485700000015 0.22022459800000016 3.822437996
13 756.7464045737546 422.4988526222842 826.7764045737546 492.52885262228415 0.4759250110000002 0.2718615290000006 4.309413182
14 756.7464045737546 422.4988526222842 826.7764045737546 492.52885262228415 0.5252197650000001 0.29851073900000014 5.058654911
15 756.7464045737546 422.4988526222842 826.7764045737546 492.52885262228415 0.5619372599999997 0.35607060199999996 5.883811161
16 756.7464045737546 422.4988526222842 826.7764045737546 492.52885262228415 0.337039356 0.31692953599999996 6.803531562
17 756.7464045737546 422.4988526222842 826.7764045737546 492.52885262228415 0.3024125619999989 0.28523941100000005 7.458892994
18 756.7464045737546 422.4988526222842 826.7764045737546 492.52885262228415 0.3139354979999993 0.33630665499999957 8.047976822
19 756.7464045737546 422.4988526222842 826.7764045737546 492.52885262228415 0.2045080170000002 0.2894358659999998 8.699843413
20 756.7464045737546 422.4988526222842 826.7764045737546 492.52885262228415 0.2968023230000014 0.29686705700000005 9.195284609
21 756.7464045737546 422.4988526222842 826.7764045737546 492.52885262228415 0.20430180600000014 0.25848810499999963 9.790562717
22 756.7464045737546 422.4988526222842 826.7764045737546 492.52885262228415 0.3077280439999992 0.48821586200000056 10.254655779
23 756.7464045737546 422.4988526222842 826.7764045737546 492.52885262228415 0.2497886979999997 0.2963145049999998 11.052016371
24 756.7464045737546 422.4988526222842 826.7764045737546 492.52885262228415 0.21106315499999972 0.34965078199999944 11.599796329
25 756.7464045737546 422.4988526222842 826.7764045737546 492.52885262228415 0.3038031520000004 0.3000846389999996 12.161860665
26 756.7464045737546 422.4988526222842 826.7764045737546 492.52885262228415 0.30395329499999946 0.30058128299999964 12.767221578
27 756.7464045737546 422.4988526222842 826.7764045737546 492.52885262228415 0.20993105099999987 0.27005920899999936 13.373082547
28 756.7464045737546 422.4988526222842 826.7764045737546 492.52885262228415 0.39170778599999956 0.27822565600000004 13.854472306
29 756.7464045737546 422.4988526222842 826.7764045737546 492.52885262228415 0.21456746800000026 0.30082467399999935 14.526108323
30 756.7464045737546 422.4988526222842 826.7764045737546 492.52885262228415 0.2956503640000001 0.32522551399999955 15.043136238
31 756.7464045737546 422.4988526222842 826.7764045737546 492.52885262228415 0.20661358799999974 0.26386020799999876 15.665469129
32 756.7464045737546 422.4988526222842 826.7764045737546 492.52885262228415 0.41761324899999863 1.0734264499999995 16.137351136
33 756.7464045737546 422.4988526222842 826.7764045737546 492.52885262228415 0.3403112450000023 0.33120139299999707 17.630020963
34 756.7464045737546 422.4988526222842 826.7764045737546 492.52885262228415 0.3003929709999973 0.30112776100000005 18.303001096
35 756.7464045737546 422.4988526222842 826.7764045737546 492.52885262228415 0.30053030300000216 0.29639527000000143 18.905852336
36 756.7464045737546 422.4988526222842 826.7764045737546 492.52885262228415 0.20753857199999715 0.27564237300000016 19.504283763
37 756.7464045737546 422.4988526222842 826.7764045737546 492.52885262228415 0.30825111300000074 0.2976841119999989 19.989031276
38 756.7464045737546 422.4988526222842 826.7764045737546 492.52885262228415 0.21080805200000086 0.2732888870000032 20.596325387
39 756.7464045737546 422.4988526222842 826.7764045737546 492.52885262228415 0.21774877000000004 0.2797244929999998 21.082023993
40 756.7464045737546 422.4988526222842 826.7764045737546 492.52885262228415 0.6608950989999975 0.38625563100000093 21.581580548
41 756.7464045737546 422.4988526222842 826.7764045737546 492.52885262228415 0.36676965799999905 0.3516070799999973 22.630271734
42 756.7464045737546 422.4988526222842 826.7764045737546 492.52885262228415 0.25121882699999887 0.4055825850000012 23.350116999
43 756.7464045737546 422.4988526222842 826.7764045737546 492.52885262228415 0.32654473000000195 0.311268866999999 24.00834126
44 756.7464045737546 422.4988526222842 826.7764045737546 492.52885262228415 0.22576571300000126 0.27723930500000193 24.647509164
45 756.7464045737546 422.4988526222842 826.7764045737546 492.52885262228415 0.21365380199999962 0.2736745969999994 25.151912973
46 756.7464045737546 422.4988526222842 826.7764045737546 492.52885262228415 0.4378810219999991 0.516447809999999 25.64063268
47 756.7464045737546 422.4988526222842 826.7764045737546 492.52885262228415 0.5164190959999999 0.6167633620000004 26.596418453
48 756.7464045737546 422.4988526222842 826.7764045737546 492.52885262228415 0.23890068200000059 4.772048719000001 27.731126415
49 756.7464045737546 422.4988526222842 826.7764045737546 492.52885262228415 0.18951779300000027 0.9327992219999999 32.743318642
50 756.7464045737546 422.4988526222842 826.7764045737546 492.52885262228415 0.4005154119999972 0.29132911199999967 33.866793214
51 756.7464045737546 422.4988526222842 826.7764045737546 492.52885262228415 0.49837960699999684 0.6474859389999992 34.559883734
52 756.7464045737546 422.4988526222842 826.7764045737546 492.52885262228415 0.3954300709999998 0.8415463509999981 35.707209027
53 756.7464045737546 422.4988526222842 826.7764045737546 492.52885262228415 0.4452289090000008 5.394019111999995 36.945398908
54 756.7464045737546 422.4988526222842 826.7764045737546 492.52885262228415 0.5013421319999978 0.5431384209999948 42.785583943
55 756.7464045737546 422.4988526222842 826.7764045737546 492.52885262228415 0.43257392299999964 1.1223536220000057 43.831148704
56 756.7464045737546 422.4988526222842 826.7764045737546 492.52885262228415 0.3740050920000044 0.6105164280000039 45.387181104
57 756.7464045737546 422.4988526222842 826.7764045737546 492.52885262228415 0.4113123939999994 0.5711545519999959 46.372954369
58 756.7464045737546 422.4988526222842 826.7764045737546 492.52885262228415 0.5906916600000045 1.0577283300000033 47.357033356
59 756.7464045737546 422.4988526222842 826.7764045737546 492.52885262228415 0.3869851800000035 0.5724759899999938 49.006690551
60 756.7464045737546 422.4988526222842 826.7764045737546 492.52885262228415 0.3137257879999993 0.5638535909999973 49.96738636
61 756.7464045737546 422.4988526222842 826.7764045737546 492.52885262228415 0.21768172299999833 0.2941653070000001 50.846418115
62 756.7464045737546 422.4988526222842 826.7764045737546 492.52885262228415 0.32635244299999755 0.4089083669999951 51.359689051
63 756.7464045737546 422.4988526222842 826.7764045737546 492.52885262228415 0.21750513499999613 0.33016012800000283 52.096434225
64 756.7464045737546 422.4988526222842 826.7764045737546 492.52885262228415 0.21871648799999832 0.2829527150000004 52.645530057
65 756.7464045737546 422.4988526222842 826.7764045737546 492.52885262228415 0.3198399280000004 0.33306049600000165 53.148704899
66 756.7464045737546 422.4988526222842 826.7764045737546 492.52885262228415 0.21445861100000485 0.27948351799999926 53.803162009
67 756.7464045737546 422.4988526222842 826.7764045737546 492.52885262228415 0.3285405160000039 0.32426721000000214 54.298408148
68 756.7464045737546 422.4988526222842 826.7764045737546 492.52885262228415 0.3289020410000063 0.3289573950000033 54.952664374
69 756.7464045737546 422.4988526222842 826.7764045737546 492.52885262228415 0.22204931499999958 0.286718141999998 55.611918076
70 756.7464045737546 422.4988526222842 826.7764045737546 492.52885262228415 0.24042952100000292 0.29967130899999717 56.12232859
71 756.7464045737546 422.4988526222842 826.7764045737546 492.52885262228415 0.3966405629999983 0.32116995700000217 56.663993352
72 756.7464045737546 422.4988526222842 826.7764045737546 492.52885262228415 0.41899823100000333 0.8734345809999979 57.383151071
73 756.7464045737546 422.4988526222842 826.7764045737546 492.52885262228415 0.37101528099999825 0.37306682599999874 58.677088567
74 756.7464045737546 422.4988526222842 826.7764045737546 492.52885262228415 0.3246893499999999 0.3673029360000015 59.422732219
75 756.7464045737546 422.4988526222842 826.7764045737546 492.52885262228415 0.2236441479999982 0.29478673999999927 60.116175124
76 756.7464045737546 422.4988526222842 826.7764045737546 492.52885262228415 0.4072011130000064 0.4728695739999935 60.635964728
77 756.7464045737546 422.4988526222842 826.7764045737546 492.52885262228415 0.25464238600000044 0.3219074479999975 61.517602924
78 756.7464045737546 422.4988526222842 826.7764045737546 492.52885262228415 0.35447180799999956 0.4953479610000002 62.095539947
79 756.7464045737546 422.4988526222842 826.7764045737546 492.52885262228415 0.46559367300000076 1.1625878869999937 62.946889464
80 756.7464045737546 422.4988526222842 826.7764045737546 492.52885262228415 0.3674078129999998 0.8828325449999994 64.576276164
81 756.7464045737546 422.4988526222842 826.7764045737546 492.52885262228415 0.43817421599999307 0.5736134969999966 65.827711686
82 756.7464045737546 422.4988526222842 826.7764045737546 492.52885262228415 0.40300390299999833 0.5875872570000098 66.840634007
83 756.7464045737546 422.4988526222842 826.7764045737546 492.52885262228415 0.4557087089999925 1.034084496999995 67.83248651
84 756.7464045737546 422.4988526222842 826.7764045737546 492.52885262228415 0.4071379870000129 0.6426240230000104 69.323587151
85 756.7464045737546 422.4988526222842 826.7764045737546 492.52885262228415 0.45914738999999827 1.737625897000001 70.37478967
86 756.7464045737546 422.4988526222842 826.7764045737546 492.52885262228415 0.33297464100000695 0.42265646799999956 72.572910097
87 756.7464045737546 422.4988526222842 826.7764045737546 492.52885262228415 0.22533383699999376 0.298422300999988 73.330216008
88 756.7464045737546 422.4988526222842 826.7764045737546 492.52885262228415 0.3257761609999932 0.38012712299999407 73.855657358
89 756.7464045737546 422.4988526222842 826.7764045737546 492.52885262228415 0.4039677890000064 0.3261822159999923 74.563074188
90 756.7464045737546 422.4988526222842 826.7764045737546 492.52885262228415 0.22132528500000603 0.36730145900000366 75.294618266
91 756.7464045737546 422.4988526222842 826.7764045737546 492.52885262228415 0.3295360770000002 0.336367494000001 75.884709015
92 756.7464045737546 422.4988526222842 826.7764045737546 492.52885262228415 0.34100598799999204 0.34394931199999235 76.552223502
93 756.7464045737546 422.4988526222842 826.7764045737546 492.52885262228415 0.3472733309999967 0.34980772000000115 77.238972626
94 756.7464045737546 422.4988526222842 826.7764045737546 492.52885262228415 0.2584749439999996 0.30674810499999694 77.937615799
95 756.7464045737546 422.4988526222842 826.7764045737546 492.52885262228415 0.23315134899999634 0.30078895100000125 78.504475992
96 756.7464045737546 422.4988526222842 826.7764045737546 492.52885262228415 0.4430929290000023 0.3399876510000013 79.040014351
97 756.7464045737546 422.4988526222842 826.7764045737546 492.52885262228415 0.22855751499999144 0.4133469209999987 79.82440372
98 756.7464045737546 422.4988526222842 826.7764045737546 492.52885262228415 0.34578175299999714 0.7432791960000031 80.467733518
99 756.7464045737546 422.4988526222842 826.7764045737546 492.52885262228415 0.2334607039999952 0.3367187550000068 81.558680502
100 756.7464045737546 422.4988526222842 826.7764045737546 492.52885262228415 0.23849695299999496 0.30385916100000543 82.130464299
101 756.7464045737546 422.4988526222842 826.7764045737546 492.52885262228415 0.23356647900000382 0.31505287299999907 82.674330137
102 756.7464045737546 422.4988526222842 826.7764045737546 492.52885262228415 0.2984923980000076 0.4277412450000071 83.224483382
103 756.7464045737546 422.4988526222842 826.7764045737546 492.52885262228415 0.23520462599999803 0.31175628100000097 83.95241629
104 756.7464045737546 422.4988526222842 826.7764045737546 492.52885262228415 0.3596764729999933 0.3662301960000036 84.500870284
105 756.7464045737546 422.4988526222842 826.7764045737546 492.52885262228415 0.23721896200000003 0.3202471669999909 85.228258581
106 756.7464045737546 422.4988526222842 826.7764045737546 492.52885262228415 0.34472573100001114 0.35679861200000573 85.787193201
107 756.7464045737546 422.4988526222842 826.7764045737546 492.52885262228415 0.23836344900000483 0.31455035899999473 86.490257939
108 756.7464045737546 422.4988526222842 826.7764045737546 492.52885262228415 0.46606829399999583 0.31722588799999585 87.04484332
109 756.7464045737546 422.4988526222842 826.7764045737546 492.52885262228415 0.25321482399999695 0.41421269199999244 87.830976065
110 756.7464045737546 422.4988526222842 826.7764045737546 492.52885262228415 0.255601421999998 0.336481782000007 88.50002568
111 756.7464045737546 422.4988526222842 826.7764045737546 492.52885262228415 0.24891684399999292 0.33461989700001027 89.093589301
112 756.7464045737546 422.4988526222842 826.7764045737546 492.52885262228415 0.37043775899999787 0.3551234960000045 89.678517072
113 756.7464045737546 422.4988526222842 826.7764045737546 492.52885262228415 0.37831730199999924 0.4245279010000047 90.406235159
114 756.7464045737546 422.4988526222842 826.7764045737546 492.52885262228415 0.45904353999999614 0.557539704000007 91.210634375
115 756.7464045737546 422.4988526222842 826.7764045737546 492.52885262228415 0.36616133299999376 0.37278878800000825 92.228878026
116 756.7464045737546 422.4988526222842 826.7764045737546 492.52885262228415 0.5540375989999973 0.7923122579999955 92.969434536
117 756.7464045737546 422.4988526222842 826.7764045737546 492.52885262228415 0.5838073589999908 0.8062714440000036 94.317388983
118 756.7464045737546 422.4988526222842 826.7764045737546 492.52885262228415 0.7394950649999998 0.7356852500000031 95.709187913
119 756.7464045737546 422.4988526222842 826.7764045737546 492.52885262228415 0.2686011150000098 0.8997866209999899 97.185789401
120 756.7464045737546 422.4988526222842 826.7764045737546 492.52885262228415 0.27866928200000984 0.38350582900000063 98.355785887
121 756.7464045737546 422.4988526222842 826.7764045737546 492.52885262228415 0.387297832999991 0.4540505020000012 99.019451201
122 756.7464045737546 422.4988526222842 826.7764045737546 492.52885262228415 0.4882395150000036 0.3899620749999997 99.862540078
123 756.7464045737546 422.4988526222842 826.7764045737546 492.52885262228415 0.4218242860000032 0.5333819740000081 100.742473494
124 756.7464045737546 422.4988526222842 826.7764045737546 492.52885262228415 0.5596867619999983 0.7338275679999953 101.699272541
125 756.7464045737546 422.4988526222842 826.7764045737546 492.52885262228415 0.7873995269999909 0.7892933880000044 103.001962451
126 756.7464045737546 422.4988526222842 826.7764045737546 492.52885262228415 0.523517917999996 0.6605200730000007 104.58012513
127 756.7464045737546 422.4988526222842 826.7764045737546 492.52885262228415 0.3854411279999965 0.9822993089999983 105.765589404
128 756.7464045737546 422.4988526222842 826.7764045737546 492.52885262228415 0.3613270239999906 0.43153087700000015 107.134717771
129 756.7464045737546 422.4988526222842 826.7764045737546 492.52885262228415 0.24400264700000207 0.33744997899999873 107.929274198
130 756.7464045737546 422.4988526222842 826.7764045737546 492.52885262228415 0.2513328900000005 0.42680014299999414 108.512125152
131 756.7464045737546 422.4988526222842 826.7764045737546 492.52885262228415 0.26289569300000437 0.406219722000003 109.191713229
132 756.7464045737546 422.4988526222842 826.7764045737546 492.52885262228415 0.7501551790000036 1.2113482879999964 109.862542227
133 756.7464045737546 422.4988526222842 826.7764045737546 492.52885262228415 0.7773065459999913 0.7249529380000013 111.825632778
134 756.7464045737546 422.4988526222842 826.7764045737546 492.52885262228415 0.2660005399999932 0.8946034009999977 113.329346782
135 756.7464045737546 422.4988526222842 826.7764045737546 492.52885262228415 0.25944273999999723 0.4235074649999859 114.491547417
136 756.7464045737546 422.4988526222842 826.7764045737546 492.52885262228415 0.5268245130000082 1.0905863450000055 115.17595781
137 756.7464045737546 422.4988526222842 826.7764045737546 492.52885262228415 0.5526392550000025 0.7261706430000032 116.795059512
138 756.7464045737546 422.4988526222842 826.7764045737546 492.52885262228415 0.796620622000006 1.0414743839999971 118.075474203
139 756.7464045737546 422.4988526222842 826.7764045737546 492.52885262228415 0.2600777660000091 1.172978311999998 119.91518738
140 756.7464045737546 422.4988526222842 826.7764045737546 492.52885262228415 0.2602742309999968 0.4159679809999943 121.349743594
141 756.7464045737546 422.4988526222842 826.7764045737546 492.52885262228415 0.3883846929999919 0.47440773399999614 122.027509149
142 756.7464045737546 422.4988526222842 826.7764045737546 492.52885262228415 0.26716276900000935 0.40598738999999284 122.89208356
143 756.7464045737546 422.4988526222842 826.7764045737546 492.52885262228415 0.27559880500000133 0.4090376379999867 123.566740374
144 756.7464045737546 422.4988526222842 826.7764045737546 492.52885262228415 0.29771802700000194 0.7521447170000073 124.252868917
145 756.7464045737546 422.4988526222842 826.7764045737546 492.52885262228415 0.3195130579999983 0.38264288799999235 125.30441234
146 756.7464045737546 422.4988526222842 826.7764045737546 492.52885262228415 0.41228221300001167 0.49863687500000253 126.008518263
147 756.7464045737546 422.4988526222842 826.7764045737546 492.52885262228415 0.4172624309999975 0.3923568149999994 126.92106717
148 756.7464045737546 422.4988526222842 826.7764045737546 492.52885262228415 0.39179105100001266 0.5076556130000114 127.732767971
149 756.7464045737546 422.4988526222842 826.7764045737546 492.52885262228415 0.3925093269999991 0.3977158839999788 128.633908563
150 756.7464045737546 422.4988526222842 826.7764045737546 492.52885262228415 0.8063190020000093 0.4117638559999932 129.425650767
