"function evaluation" "current f(x)" "best-so-far f(x)" "current af(x)+b" "best af(x)+b" acq_opt_time model_fit_time cum_iteration_time
1 18.45359842665104 18.45359842665104 97.93359842665105 97.93359842665105 None None None
2 15.576390372959764 15.576390372959764 95.05639037295977 95.05639037295977 None None None
3 42.362094080000006 15.576390372959764 121.84209408000001 95.05639037295977 0.024316841999999728 0.02248308500000018 0
4 37.65386652268276 15.576390372959764 117.13386652268277 95.05639037295977 0.06599804900000006 0.048004494000000175 3.504734001
5 40.85503547903609 15.576390372959764 120.3350354790361 95.05639037295977 0.03359657299999963 0.07665355299999987 3.619327383
6 40.28741131796225 15.576390372959764 119.76741131796226 95.05639037295977 0.036852085000000034 0.05028734899999998 3.730708831
7 33.84649928697267 15.576390372959764 113.32649928697268 95.05639037295977 0.040483604000000284 0.07267589299999999 3.819201177
8 37.35437154497906 15.576390372959764 116.83437154497906 95.05639037295977 0.027886913000000124 0.04791150499999963 3.933449002
9 36.417066018200984 15.576390372959764 115.89706601820099 95.05639037295977 0.02408191799999937 0.04817198099999942 4.010232104
10 38.94933249268412 15.576390372959764 118.42933249268413 95.05639037295977 0.023699120999999934 0.047889430000000566 4.083584694
11 33.193129078423496 15.576390372959764 112.6731290784235 95.05639037295977 0.024638673999999305 0.047585058000000124 4.156209466
12 35.36076621188596 15.576390372959764 114.84076621188596 95.05639037295977 0.02452669899999993 0.04796205199999992 4.229365161
13 34.74564148777442 15.576390372959764 114.22564148777442 95.05639037295977 0.025556918000000373 0.04743489200000006 4.302756105
14 29.263406273144454 15.576390372959764 108.74340627314446 95.05639037295977 0.0347846039999995 0.04938588799999977 4.376694399
15 28.783328438812674 15.576390372959764 108.26332843881268 95.05639037295977 0.1096453240000006 0.06655502699999971 4.461886858
16 35.261342942663845 15.576390372959764 114.74134294266385 95.05639037295977 0.10368530499999995 0.06761689499999957 4.639227244
17 33.81982949732354 15.576390372959764 113.29982949732354 95.05639037295977 0.10270921899999941 0.06358754499999986 4.81169627
18 36.38127808072069 15.576390372959764 115.8612780807207 95.05639037295977 0.07635353099999964 0.10893135099999984 4.979134207
19 31.99449189991803 15.576390372959764 111.47449189991804 95.05639037295977 0.05912638500000078 0.11689871300000032 5.165696496
20 33.186660180626106 15.576390372959764 112.66666018062611 95.05639037295977 0.05965045499999988 0.11767507300000002 5.343170912
21 31.787677432101262 15.576390372959764 111.26767743210127 95.05639037295977 0.05957215799999993 0.11302335700000032 5.521905747
22 31.449224929961716 15.576390372959764 110.92922492996172 95.05639037295977 0.0616585539999992 0.11526017799999977 5.695647548
23 32.51778508490969 15.576390372959764 111.9977850849097 95.05639037295977 0.06106673999999934 0.11229195700000005 5.873629288
24 31.569287269495973 15.576390372959764 111.04928726949598 95.05639037295977 0.08687408800000007 0.11725211099999999 6.048009216
25 30.767083404805206 15.576390372959764 110.24708340480521 95.05639037295977 0.059278010999999964 0.1283544990000003 6.25366199
26 29.797973905233093 15.576390372959764 109.2779739052331 95.05639037295977 0.06300422500000025 0.11967062700000053 6.442386508
27 29.246265423633176 15.576390372959764 108.72626542363318 95.05639037295977 0.0877314939999998 0.1270041209999997 6.626359731
28 33.4482383077375 15.576390372959764 112.9282383077375 95.05639037295977 0.06805760499999991 0.16805211799999942 6.84280116
29 28.50831956533851 15.576390372959764 107.98831956533851 95.05639037295977 0.0647526850000002 0.1331966360000001 7.081183685
30 28.26934510472863 15.576390372959764 107.74934510472863 95.05639037295977 0.16821420099999962 0.18138862999999983 7.280353354
31 30.46679422864196 15.576390372959764 109.94679422864196 95.05639037295977 0.09831249000000053 0.1892637810000002 7.640159847
32 35.151302494035406 15.576390372959764 114.63130249403541 95.05639037295977 0.07385554999999933 0.7956811789999998 7.929273496
33 28.066405056983015 15.576390372959764 107.54640505698302 95.05639037295977 0.06403461000000021 0.12414385800000005 8.800205715
34 30.179313124187203 15.576390372959764 109.65931312418721 95.05639037295977 0.0628404610000004 0.12137784199999935 8.989525521
35 29.124840983292657 15.576390372959764 108.60484098329266 95.05639037295977 0.06636199700000134 0.12567677299999858 9.175070058
36 28.624206237110045 15.576390372959764 108.10420623711005 95.05639037295977 0.06409436799999924 0.12276686900000122 9.36830205
37 27.718567752357117 15.576390372959764 107.19856775235712 95.05639037295977 0.06523245099999997 0.12545657399999932 9.556253521
38 27.07633506013603 15.576390372959764 106.55633506013604 95.05639037295977 0.0853579240000002 0.123676184999999 9.748363601
39 26.859663018336107 15.576390372959764 106.33966301833611 95.05639037295977 0.06797372400000157 0.12374654000000085 9.95855196
40 32.2182627210522 15.576390372959764 111.6982627210522 95.05639037295977 0.06283485300000002 0.12364901699999997 10.151600849
41 30.87335897797756 15.576390372959764 110.35335897797756 95.05639037295977 0.06455086000000065 0.1280246320000007 10.339343645
42 33.95736132021442 15.576390372959764 113.43736132021442 95.05639037295977 0.0636056939999996 0.12655250000000073 10.533050304
43 27.24619119274267 15.576390372959764 106.72619119274268 95.05639037295977 0.0655254309999993 0.12705913000000102 10.724355661
44 27.565832289990553 15.576390372959764 107.04583228999056 95.05639037295977 0.08106855000000124 0.12286162000000012 10.918086722
45 26.871704277738857 15.576390372959764 106.35170427773886 95.05639037295977 0.11505760199999848 0.30308502099999934 11.123393462
46 25.982337492458896 15.576390372959764 105.4623374924589 95.05639037295977 0.0730985620000002 0.18266947000000044 11.544934156
47 26.30964527138778 15.576390372959764 105.78964527138778 95.05639037295977 0.06350585899999928 0.1253877059999997 11.802099371
48 25.961342402147665 15.576390372959764 105.44134240214767 95.05639037295977 0.06777379800000105 0.977041883 11.992177052
49 30.220016155582186 15.576390372959764 109.70001615558219 95.05639037295977 0.06614424500000027 0.13149474000000083 13.03842477
50 25.39418380568803 15.576390372959764 104.87418380568803 95.05639037295977 0.06485411500000104 0.13142162399999968 13.237297434
51 31.02432154723121 15.576390372959764 110.50432154723121 95.05639037295977 0.06462296499999987 0.12794298800000092 13.434735273
52 32.23401408360344 15.576390372959764 111.71401408360344 95.05639037295977 0.06861802699999942 0.19522740200000044 13.628588919
53 29.09596012207018 15.576390372959764 108.57596012207019 95.05639037295977 0.07143753200000091 0.13130153900000074 13.893938529
54 27.899499422101712 15.576390372959764 107.37949942210172 95.05639037295977 0.06536763100000087 0.1296188960000002 14.097965632
55 29.173141510295935 15.576390372959764 108.65314151029594 95.05639037295977 0.064926397999999 0.12980472399999954 14.294117689
56 27.768628200084677 15.576390372959764 107.24862820008468 95.05639037295977 0.06516452699999853 0.1309307499999992 14.489967592
57 27.59434992433134 15.576390372959764 107.07434992433134 95.05639037295977 0.07876771900000001 0.13065704700000147 14.68724562
58 29.72004444259629 15.576390372959764 109.2000444425963 95.05639037295977 0.08985681899999953 0.16483766899999885 14.898490898
59 30.242619822083697 15.576390372959764 109.7226198220837 95.05639037295977 0.06668024700000075 0.13141986599999989 15.154500338
60 25.37316132922301 15.576390372959764 104.85316132922301 95.05639037295977 0.09419417299999999 0.13888444799999888 15.35392385
61 26.939316367284363 15.576390372959764 106.41931636728437 95.05639037295977 0.0639796369999992 0.17879031900000086 15.5885531
62 30.129689413543545 15.576390372959764 109.60968941354355 95.05639037295977 0.06512477300000086 0.1306809659999999 15.832575494
63 24.84891683573173 15.576390372959764 104.32891683573173 95.05639037295977 0.06538978400000062 0.12887419799999833 16.029703216
64 29.623100340979235 15.576390372959764 109.10310034097924 95.05639037295977 0.06489719699999696 0.12835038799999765 16.22521702
65 28.012333258415396 15.576390372959764 107.4923332584154 95.05639037295977 0.06561272099999726 0.1363115619999995 16.419676351
66 28.39536321202108 15.576390372959764 107.87536321202109 95.05639037295977 0.06805722400000036 0.13286838199999806 16.623010432
67 26.034232812489535 15.576390372959764 105.51423281248954 95.05639037295977 0.06462592300000125 0.14232632099999876 16.825110655
68 26.649384922754834 15.576390372959764 106.12938492275484 95.05639037295977 0.06610454799999843 0.13241090800000066 17.033311697
69 24.339684278639695 15.576390372959764 103.8196842786397 95.05639037295977 0.06772747099999776 0.13721828000000258 17.233156205
70 25.37056685149679 15.576390372959764 104.8505668514968 95.05639037295977 0.06755914400000052 0.13841109700000231 17.439390161
