"function evaluation" "current f(x)" "best-so-far f(x)" "current af(x)+b" "best af(x)+b" acq_opt_time model_fit_time cum_iteration_time
1 83.46052707497456 83.46052707497456 124.24052707497457 124.24052707497457 None None None
2 77.62753774187993 77.62753774187993 118.40753774187993 118.40753774187993 None None None
3 82.8048107205842 77.62753774187993 123.5848107205842 118.40753774187993 None None None
4 84.87210717992015 77.62753774187993 125.65210717992015 118.40753774187993 None None None
5 78.31890880765792 77.62753774187993 119.09890880765792 118.40753774187993 None None None
6 80.49217444093169 77.62753774187993 121.27217444093169 118.40753774187993 None None None
7 70.00544511961179 70.00544511961179 110.7854451196118 110.7854451196118 None None None
8 83.64702377782433 70.00544511961179 124.42702377782433 110.7854451196118 None None None
9 78.44815852299858 70.00544511961179 119.22815852299858 110.7854451196118 None None None
10 80.35910649747017 70.00544511961179 121.13910649747017 110.7854451196118 None None None
11 86.45175207193307 70.00544511961179 127.23175207193307 110.7854451196118 0.14879684500000012 0.14368513100000024 0
12 86.45175207193307 70.00544511961179 127.23175207193307 110.7854451196118 0.22821561599999995 0.21368571300000028 3.363323519
13 86.45175207193307 70.00544511961179 127.23175207193307 110.7854451196118 0.16711431399999999 0.21120065999999982 3.806407025
14 86.45175207193307 70.00544511961179 127.23175207193307 110.7854451196118 0.18007128500000036 0.28922499499999965 4.185986815
15 86.45175207193307 70.00544511961179 127.23175207193307 110.7854451196118 0.18799478000000036 0.23425123899999978 4.656571877
16 86.45175207193307 70.00544511961179 127.23175207193307 110.7854451196118 0.2922978549999993 0.27436445900000006 5.080098377
17 86.45175207193307 70.00544511961179 127.23175207193307 110.7854451196118 0.19731088599999946 0.2578450419999996 5.648274928
18 86.45175207193307 70.00544511961179 127.23175207193307 110.7854451196118 0.2283502620000002 0.29027322499999997 6.104911096
19 86.45175207193307 70.00544511961179 127.23175207193307 110.7854451196118 0.20597651900000002 0.26281618400000006 6.624917484
20 86.45175207193307 70.00544511961179 127.23175207193307 110.7854451196118 0.20647753400000024 0.262250925 7.095050048
21 86.45175207193307 70.00544511961179 127.23175207193307 110.7854451196118 0.30299285699999956 0.29830970400000023 7.565253715
22 86.45175207193307 70.00544511961179 127.23175207193307 110.7854451196118 0.3678537730000002 0.34065614300000036 8.168005601
23 86.45175207193307 70.00544511961179 127.23175207193307 110.7854451196118 0.33594824600000095 0.3641964780000002 8.878027637
24 86.45175207193307 70.00544511961179 127.23175207193307 110.7854451196118 0.21478837699999964 0.3245020200000006 9.579869888
25 86.45175207193307 70.00544511961179 127.23175207193307 110.7854451196118 0.2055405169999993 0.26525060200000006 10.120584759
26 86.45175207193307 70.00544511961179 127.23175207193307 110.7854451196118 0.2947039579999995 0.298587637999999 10.592783681
27 86.45175207193307 70.00544511961179 127.23175207193307 110.7854451196118 0.21504641499999977 0.2696467519999999 11.187450648
28 86.45175207193307 70.00544511961179 127.23175207193307 110.7854451196118 0.5680372800000004 0.31734951799999855 11.673622355
29 86.45175207193307 70.00544511961179 127.23175207193307 110.7854451196118 0.29869106400000156 0.3442968489999991 12.56310146
30 86.45175207193307 70.00544511961179 127.23175207193307 110.7854451196118 0.20699042599999906 0.26896372100000043 13.207510184
31 86.45175207193307 70.00544511961179 127.23175207193307 110.7854451196118 0.30003313799999987 0.2989610539999994 13.684870476
32 86.45175207193307 70.00544511961179 127.23175207193307 110.7854451196118 0.21133959299999994 0.2751127560000004 14.285826547
33 86.45175207193307 70.00544511961179 127.23175207193307 110.7854451196118 0.300046591000001 0.2962343859999983 14.773677061
34 86.45175207193307 70.00544511961179 127.23175207193307 110.7854451196118 0.3009366019999984 0.30192098400000056 15.371325478
35 86.45175207193307 70.00544511961179 127.23175207193307 110.7854451196118 0.4610415529999976 0.369932167 15.975693504
36 86.45175207193307 70.00544511961179 127.23175207193307 110.7854451196118 0.2582400579999984 1.0078202509999983 16.808212235
37 86.45175207193307 70.00544511961179 127.23175207193307 110.7854451196118 0.24985850399999876 0.30828707699999924 18.075809748
38 86.45175207193307 70.00544511961179 127.23175207193307 110.7854451196118 0.41361677899999805 0.4913243230000006 18.635682767
39 86.45175207193307 70.00544511961179 127.23175207193307 110.7854451196118 0.4565335740000016 0.6617834989999984 19.54252273
40 86.45175207193307 70.00544511961179 127.23175207193307 110.7854451196118 0.5061785819999969 0.758209063999999 20.663313979
41 86.45175207193307 70.00544511961179 127.23175207193307 110.7854451196118 0.5277170709999979 0.44544117299999897 21.930145666
42 86.45175207193307 70.00544511961179 127.23175207193307 110.7854451196118 0.4642351610000013 0.6746622250000023 22.90523626
43 86.45175207193307 70.00544511961179 127.23175207193307 110.7854451196118 0.4225444920000001 0.5521675540000004 24.045960472
44 86.45175207193307 70.00544511961179 127.23175207193307 110.7854451196118 0.2727295820000002 0.935337711999999 25.022341741
45 86.45175207193307 70.00544511961179 127.23175207193307 110.7854451196118 0.3703298660000023 0.5220785289999981 26.23231337
46 86.45175207193307 70.00544511961179 127.23175207193307 110.7854451196118 0.2728847710000011 0.38970234299999973 27.126454712
47 86.45175207193307 70.00544511961179 127.23175207193307 110.7854451196118 0.3850734970000005 0.7575531819999988 27.790789016
48 86.45175207193307 70.00544511961179 127.23175207193307 110.7854451196118 0.24015918099999922 0.7692531919999972 28.935154451
49 86.45175207193307 70.00544511961179 127.23175207193307 110.7854451196118 0.23690776500000155 0.30388265199999864 29.946176404
50 86.45175207193307 70.00544511961179 127.23175207193307 110.7854451196118 0.2200670370000033 0.29664734400000015 30.488497522
51 86.45175207193307 70.00544511961179 127.23175207193307 110.7854451196118 0.2254513179999975 0.3075724460000018 31.006750777
52 86.45175207193307 70.00544511961179 127.23175207193307 110.7854451196118 0.2223059929999991 0.2910801509999992 31.541377575
53 86.45175207193307 70.00544511961179 127.23175207193307 110.7854451196118 0.22278382599999702 0.2853939509999961 32.056378203
54 86.45175207193307 70.00544511961179 127.23175207193307 110.7854451196118 0.2218187450000002 0.28915407999999587 32.566216188
55 86.45175207193307 70.00544511961179 127.23175207193307 110.7854451196118 0.2194603029999982 0.29442799899999983 33.078746092
56 86.45175207193307 70.00544511961179 127.23175207193307 110.7854451196118 0.2349640660000034 0.281103053999999 33.594285154
57 86.45175207193307 70.00544511961179 127.23175207193307 110.7854451196118 0.21208499900000533 0.27259489200000075 34.111769217
58 86.45175207193307 70.00544511961179 127.23175207193307 110.7854451196118 0.30047238499999906 0.27877050299999695 34.597842335
59 86.45175207193307 70.00544511961179 127.23175207193307 110.7854451196118 0.35747887400000167 0.44865298600000614 35.178511729
60 86.45175207193307 70.00544511961179 127.23175207193307 110.7854451196118 0.4010071260000032 0.696574058000003 35.988277508
61 86.45175207193307 70.00544511961179 127.23175207193307 110.7854451196118 0.19904569800000615 1.5037080390000028 37.087326898
62 86.45175207193307 70.00544511961179 127.23175207193307 110.7854451196118 0.20532529500000152 9.112202330999999 38.79134766
63 86.45175207193307 70.00544511961179 127.23175207193307 110.7854451196118 0.29082284399999736 0.2858460559999969 48.110500474
64 86.45175207193307 70.00544511961179 127.23175207193307 110.7854451196118 0.20637861200000174 0.2587607299999988 48.688536115
65 86.45175207193307 70.00544511961179 127.23175207193307 110.7854451196118 0.2102857210000053 0.2723846279999975 49.155069244
66 86.45175207193307 70.00544511961179 127.23175207193307 110.7854451196118 0.20820911999999936 0.2855818720000016 49.639356408
67 86.45175207193307 70.00544511961179 127.23175207193307 110.7854451196118 0.22163092699999964 0.2915896920000023 50.134558624
68 86.45175207193307 70.00544511961179 127.23175207193307 110.7854451196118 0.21765819000000164 0.28482280499999746 50.64928246
69 86.45175207193307 70.00544511961179 127.23175207193307 110.7854451196118 0.23230013499999558 0.28158360399999793 51.153253226
70 86.45175207193307 70.00544511961179 127.23175207193307 110.7854451196118 0.32055420799999723 0.3198485489999996 51.668672463
71 86.45175207193307 70.00544511961179 127.23175207193307 110.7854451196118 0.21822116500000277 0.2810907060000005 52.310606033
72 86.45175207193307 70.00544511961179 127.23175207193307 110.7854451196118 0.32177560000000227 0.3133225559999957 52.811313503
73 86.45175207193307 70.00544511961179 127.23175207193307 110.7854451196118 0.2083493629999964 0.27945144599999594 53.447938926
74 86.45175207193307 70.00544511961179 127.23175207193307 110.7854451196118 0.22492934999999648 0.2878601279999984 53.93708991
75 86.45175207193307 70.00544511961179 127.23175207193307 110.7854451196118 0.22293776200000082 0.2837114929999984 54.451424858
76 86.45175207193307 70.00544511961179 127.23175207193307 110.7854451196118 0.22693337500000155 0.29331549200000495 54.95965178
77 86.45175207193307 70.00544511961179 127.23175207193307 110.7854451196118 0.3107966489999967 0.5385523779999986 55.481327783
78 86.45175207193307 70.00544511961179 127.23175207193307 110.7854451196118 0.30387011400000574 2.880536850999995 56.332156135
79 86.45175207193307 70.00544511961179 127.23175207193307 110.7854451196118 0.20861148299999854 0.26830800899999474 59.517940567
80 86.45175207193307 70.00544511961179 127.23175207193307 110.7854451196118 0.21092998900000026 0.2855890359999975 59.99627432
81 86.45175207193307 70.00544511961179 127.23175207193307 110.7854451196118 0.32386862599999944 0.3324630230000025 60.494386376
82 86.45175207193307 70.00544511961179 127.23175207193307 110.7854451196118 0.2282528359999958 0.30525167199999714 61.152151465
83 86.45175207193307 70.00544511961179 127.23175207193307 110.7854451196118 0.3227925520000028 0.3389882569999969 61.687098867
84 86.45175207193307 70.00544511961179 127.23175207193307 110.7854451196118 0.22713809300000065 0.30588574499999766 62.350333741
85 86.45175207193307 70.00544511961179 127.23175207193307 110.7854451196118 0.22419426300000111 0.3172942800000058 62.884749724
86 86.45175207193307 70.00544511961179 127.23175207193307 110.7854451196118 0.2223436069999991 0.30235787200000175 63.427939669
87 86.45175207193307 70.00544511961179 127.23175207193307 110.7854451196118 0.2276420820000027 0.291212539 63.954062337
88 86.45175207193307 70.00544511961179 127.23175207193307 110.7854451196118 0.2237606200000073 0.29348683199999925 64.474459278
89 86.45175207193307 70.00544511961179 127.23175207193307 110.7854451196118 0.3352897149999876 0.34109425199999066 64.99306208
90 86.45175207193307 70.00544511961179 127.23175207193307 110.7854451196118 0.32099527500000136 0.34820815400000527 65.6711026
91 86.45175207193307 70.00544511961179 127.23175207193307 110.7854451196118 0.22636557799999935 0.2968154320000025 66.341848559
92 86.45175207193307 70.00544511961179 127.23175207193307 110.7854451196118 0.24211158899998964 0.31616852599999845 66.866453599
93 86.45175207193307 70.00544511961179 127.23175207193307 110.7854451196118 0.3606753509999976 0.3838155610000058 67.426278685
94 86.45175207193307 70.00544511961179 127.23175207193307 110.7854451196118 0.32412870699999985 0.3511639500000001 68.172254766
95 86.45175207193307 70.00544511961179 127.23175207193307 110.7854451196118 0.2267120019999993 0.29972399099999336 68.849009679
96 86.45175207193307 70.00544511961179 127.23175207193307 110.7854451196118 0.2276426880000031 0.3050817499999994 69.376860095
97 86.45175207193307 70.00544511961179 127.23175207193307 110.7854451196118 0.2318852189999916 0.3076919800000013 69.91096554
98 86.45175207193307 70.00544511961179 127.23175207193307 110.7854451196118 0.6368943980000097 0.33177313299999867 70.452041694
99 86.45175207193307 70.00544511961179 127.23175207193307 110.7854451196118 0.2386209520000051 0.2970079649999917 71.422027179
100 86.45175207193307 70.00544511961179 127.23175207193307 110.7854451196118 0.362525596999987 0.3382724599999989 71.959392403
101 86.45175207193307 70.00544511961179 127.23175207193307 110.7854451196118 0.2611634140000092 0.31974497699999915 72.661649202
102 86.45175207193307 70.00544511961179 127.23175207193307 110.7854451196118 0.2482953760000015 0.33450728300000776 73.244041162
103 86.45175207193307 70.00544511961179 127.23175207193307 110.7854451196118 0.2413495849999947 0.30999627899998927 73.82826917
104 86.45175207193307 70.00544511961179 127.23175207193307 110.7854451196118 0.48993926899998996 0.34449579099999994 74.381178072
105 86.45175207193307 70.00544511961179 127.23175207193307 110.7854451196118 0.2408780020000023 0.31957663499999 75.217226427
106 86.45175207193307 70.00544511961179 127.23175207193307 110.7854451196118 0.24387834799999553 0.32084167500001115 75.779267861
107 86.45175207193307 70.00544511961179 127.23175207193307 110.7854451196118 0.26502211899999395 0.3253602869999952 76.345549362
108 86.45175207193307 70.00544511961179 127.23175207193307 110.7854451196118 0.36679157100000737 0.3634238629999942 76.937659426
109 86.45175207193307 70.00544511961179 127.23175207193307 110.7854451196118 0.25207594299999414 0.32164246100001037 77.66931635
110 86.45175207193307 70.00544511961179 127.23175207193307 110.7854451196118 0.3174643130000021 0.33527843000000246 78.244462178
111 86.45175207193307 70.00544511961179 127.23175207193307 110.7854451196118 0.26130303600000104 0.34766737600000397 78.898410759
112 86.45175207193307 70.00544511961179 127.23175207193307 110.7854451196118 0.25420246999999563 0.32556149000001255 79.508694357
113 86.45175207193307 70.00544511961179 127.23175207193307 110.7854451196118 0.26732569000000694 0.32389550999999983 80.089959826
114 86.45175207193307 70.00544511961179 127.23175207193307 110.7854451196118 0.32417876699999226 0.438313681000011 80.682598943
115 86.45175207193307 70.00544511961179 127.23175207193307 110.7854451196118 0.2657402060000038 0.34446395900000937 81.446524772
116 86.45175207193307 70.00544511961179 127.23175207193307 110.7854451196118 0.5174020940000048 1.1590585699999991 82.058302847
117 86.45175207193307 70.00544511961179 127.23175207193307 110.7854451196118 0.5121248229999935 0.6857480510000045 83.736275714
118 86.45175207193307 70.00544511961179 127.23175207193307 110.7854451196118 0.5122359399999965 0.691699734999986 84.935751727
119 86.45175207193307 70.00544511961179 127.23175207193307 110.7854451196118 0.7326132270000016 0.781662635999993 86.141209999
120 86.45175207193307 70.00544511961179 127.23175207193307 110.7854451196118 0.7811292659999935 0.736997039000002 87.657001179
121 86.45175207193307 70.00544511961179 127.23175207193307 110.7854451196118 0.6985683660000035 0.7665896190000012 89.176791635
122 86.45175207193307 70.00544511961179 127.23175207193307 110.7854451196118 1.0270822180000039 0.9387987359999954 90.643479521
123 86.45175207193307 70.00544511961179 127.23175207193307 110.7854451196118 0.560832898000001 1.053325620999999 92.61184386
124 86.45175207193307 70.00544511961179 127.23175207193307 110.7854451196118 0.5950486050000023 0.7994499529999928 94.227567533
125 86.45175207193307 70.00544511961179 127.23175207193307 110.7854451196118 0.5479249750000008 1.1052587110000047 95.623789214
126 86.45175207193307 70.00544511961179 127.23175207193307 110.7854451196118 0.37134664100000236 0.8384633330000071 97.278775914
127 86.45175207193307 70.00544511961179 127.23175207193307 110.7854451196118 0.24846908300000337 0.3481421609999984 98.490676324
128 86.45175207193307 70.00544511961179 127.23175207193307 110.7854451196118 0.26224767799999427 0.47913259300000277 99.088768179
129 86.45175207193307 70.00544511961179 127.23175207193307 110.7854451196118 0.46936048899999605 0.4704315689999987 99.831675772
130 86.45175207193307 70.00544511961179 127.23175207193307 110.7854451196118 0.3900553029999969 0.37388269000000207 100.772957075
131 86.45175207193307 70.00544511961179 127.23175207193307 110.7854451196118 0.26933188600000335 0.3570347699999985 101.538467228
132 86.45175207193307 70.00544511961179 127.23175207193307 110.7854451196118 0.2582464019999975 0.5359216900000092 102.166432958
133 86.45175207193307 70.00544511961179 127.23175207193307 110.7854451196118 0.2796793799999904 0.42755234099999484 102.962233804
134 86.45175207193307 70.00544511961179 127.23175207193307 110.7854451196118 0.3832078989999985 0.3823539469999986 103.670978043
135 86.45175207193307 70.00544511961179 127.23175207193307 110.7854451196118 0.3730191550000086 0.4835780610000029 104.438003815
136 86.45175207193307 70.00544511961179 127.23175207193307 110.7854451196118 0.26342416200000685 0.3370132809999973 105.296098006
137 86.45175207193307 70.00544511961179 127.23175207193307 110.7854451196118 0.2521478820000027 0.4508860209999881 105.898080422
138 86.45175207193307 70.00544511961179 127.23175207193307 110.7854451196118 0.38520717099999047 0.3754741699999897 106.602693444
139 86.45175207193307 70.00544511961179 127.23175207193307 110.7854451196118 0.33529909300000327 0.5214616920000026 107.365435485
140 86.45175207193307 70.00544511961179 127.23175207193307 110.7854451196118 0.3889850079999917 0.6935598649999974 108.224165874
141 86.45175207193307 70.00544511961179 127.23175207193307 110.7854451196118 0.28857098099999234 0.47676186399999665 109.308205296
142 86.45175207193307 70.00544511961179 127.23175207193307 110.7854451196118 0.4785315650000115 0.4486327959999983 110.075282397
143 86.45175207193307 70.00544511961179 127.23175207193307 110.7854451196118 0.3250159239999988 0.684983914 111.004286007
144 86.45175207193307 70.00544511961179 127.23175207193307 110.7854451196118 0.6625285700000063 1.6549939029999905 112.016076618
145 86.45175207193307 70.00544511961179 127.23175207193307 110.7854451196118 1.061896824999991 0.9774839460000067 114.335284693
146 86.45175207193307 70.00544511961179 127.23175207193307 110.7854451196118 0.9605603230000099 0.8710779780000024 116.376556252
147 86.45175207193307 70.00544511961179 127.23175207193307 110.7854451196118 0.5982204949999925 0.8889951459999992 118.209793014
148 86.45175207193307 70.00544511961179 127.23175207193307 110.7854451196118 0.2850704199999967 0.6193969640000034 119.698576074
149 86.45175207193307 70.00544511961179 127.23175207193307 110.7854451196118 0.37528718900000513 0.8007776829999926 120.60459533
150 86.45175207193307 70.00544511961179 127.23175207193307 110.7854451196118 0.29511036600000295 0.3855402879999872 121.7821738
