"function evaluation" "current f(x)" "best-so-far f(x)" "current af(x)+b" "best af(x)+b" acq_opt_time model_fit_time cum_iteration_time
1 58978354435.44855 58978354435.44855 58978353814.33855 58978353814.33855 None None None
2 15385108175.860865 15385108175.860865 15385107554.750864 15385107554.750864 None None None
3 58016187344.09447 15385108175.860865 58016186722.98447 15385107554.750864 0.04542597299999951 0.02723394499999987 0
4 8155717114.135262 8155717114.135262 8155716493.025262 8155716493.025262 0.04407615699999923 0.0873967069999999 6.034875024
5 58286992543.26253 8155717114.135262 58286991922.15253 8155716493.025262 0.17346224299999946 0.0700101489999998 6.192927595
6 1015614722.7555931 1015614722.7555931 1015614101.645593 1015614101.645593 0.24053676800000012 0.3322326670000004 6.48065135
7 82979023.66559216 82979023.66559216 82978402.55559216 82978402.55559216 0.23847503100000012 0.2778917249999999 7.054890521
8 2425703.251922281 2425703.251922281 2425082.141922281 2425082.141922281 0.35560471899999957 0.09222188800000009 7.573619881
9 242372.67525217647 242372.67525217647 241751.5652521765 241751.5652521765 0.10185829499999954 0.2528239689999996 8.022216334
10 8210456040.960918 242372.67525217647 8210455419.850919 241751.5652521765 0.07738664100000037 0.27170230900000014 8.37802735
11 1022035346.1284375 242372.67525217647 1022034725.0184375 241751.5652521765 0.1062444100000004 0.06846120600000027 8.728609799
12 33259173121.696247 242372.67525217647 33259172500.586246 241751.5652521765 0.10570457300000058 0.0652679979999995 8.904482624
13 17782728.37275844 242372.67525217647 17782107.26275844 241751.5652521765 0.10606422299999885 0.0649543149999996 9.076471776
14 137626966.82456383 242372.67525217647 137626345.71456382 241751.5652521765 0.31279784200000016 0.06561422100000058 9.248500034
15 82922.929774785 82922.929774785 82301.819774785 82301.819774785 0.12134001699999963 0.08720122299999922 9.639198419
16 2500088.5088436767 82922.929774785 2499467.398843677 82301.819774785 0.25892492400000044 0.146271865000001 9.850276735
17 6705683617.6674795 82922.929774785 6705682996.55748 82301.819774785 0.1464513150000002 0.1356990309999997 10.256666363
18 221498372.94081962 82922.929774785 221497751.8308196 82301.819774785 0.20461091499999995 0.3980272869999997 10.546062408
19 8405712.101220291 82922.929774785 8405090.991220292 82301.819774785 0.08059706400000088 0.2887782999999988 11.151803552
20 2265073262.459821 82922.929774785 2265072641.349821 82301.819774785 0.09924107999999876 0.3750739630000002 11.52316288
21 223164889.24517658 82922.929774785 223164268.13517657 82301.819774785 0.02875573899999928 0.17029260199999996 11.999141584
22 226850.1593400882 82922.929774785 226229.0493400882 82301.819774785 0.029576413999999218 0.059274750000000154 12.199433941
23 4131.447581128299 4131.447581128299 3510.337581128299 3510.337581128299 0.029921848999999057 0.05812304799999879 12.289641235
24 8551034.08014047 4131.447581128299 8550412.97014047 3510.337581128299 0.02876785599999998 0.05644411400000138 12.378896191
25 1305040968.6635084 4131.447581128299 1305040347.5535085 3510.337581128299 0.030304973000001567 0.056602275000001256 12.465258881
26 208805.39172854018 4131.447581128299 208184.2817285402 3510.337581128299 0.029217570000000137 0.056529310000000166 12.553207404
27 103780.99458701539 4131.447581128299 103159.88458701539 3510.337581128299 0.02885128999999864 0.05732046900000043 12.639992915
28 1035200966.8666198 4131.447581128299 1035200345.7566198 3510.337581128299 0.08602907399999893 0.9006134069999998 12.727431256
29 95312159.0121596 4131.447581128299 95311537.9021596 3510.337581128299 0.1950701109999997 0.42544794600000024 13.720379459
30 431868.1737231743 4131.447581128299 431247.06372317433 3510.337581128299 0.17425351099999986 0.42013330300000007 14.341796389
31 1957084148.4726171 4131.447581128299 1957083527.3626173 3510.337581128299 0.17130859699999945 0.506985460000001 14.936844425
32 959468.247465836 4131.447581128299 958847.137465836 3510.337581128299 0.21641033999999948 0.4788743309999983 15.615832238
33 6432107.74339078 4131.447581128299 6431486.63339078 3510.337581128299 0.16220604700000152 1.0182300990000002 16.312283976
34 10927329737.452917 4131.447581128299 10927329116.342916 3510.337581128299 0.078150535999999 2.0272279619999978 17.493456684
35 1000374.1653045121 4131.447581128299 999753.0553045121 3510.337581128299 0.10976704200000142 0.14567588299999912 19.600022154
36 423707.7027634116 4131.447581128299 423086.59276341164 3510.337581128299 0.17956314499999948 0.3171868499999988 19.856764252
37 5724360.458436182 4131.447581128299 5723739.348436181 3510.337581128299 0.2380972270000008 0.45845653000000297 20.366708116
38 3623351.0714565082 4131.447581128299 3622729.9614565084 3510.337581128299 0.1571273789999985 0.254301262000002 21.064171821
39 56388075.4683383 4131.447581128299 56387454.358338304 3510.337581128299 0.10386883700000027 0.4831250460000014 21.488254497
40 1040807.7973813902 4131.447581128299 1040186.6873813902 3510.337581128299 0.06163261700000078 0.27640671799999694 22.079490299
41 22897648.70043939 4131.447581128299 22897027.59043939 3510.337581128299 0.17077542299999848 0.30168130299999874 22.421176887
42 352893180.610506 4131.447581128299 352892559.500506 3510.337581128299 0.06371935099999959 0.19991733299999837 22.895541013
43 195988.77606606428 4131.447581128299 195367.6660660643 3510.337581128299 0.09318674100000024 0.7417129140000007 23.160799645
44 22748586.617025103 4131.447581128299 22747965.507025104 3510.337581128299 0.10357326500000141 0.2051294590000019 23.996943297
45 16138123819.641937 4131.447581128299 16138123198.531937 3510.337581128299 0.041287484000001484 0.23253253699999732 24.306501553
46 59372923398.091354 4131.447581128299 59372922776.98135 3510.337581128299 0.13790901699999836 0.08199318799999844 24.581705192
47 495531275.1714492 4131.447581128299 495530654.06144917 3510.337581128299 0.15832141599999972 0.14527745500000222 24.802586973
48 58759202047.62136 4131.447581128299 58759201426.51136 3510.337581128299 0.0840890430000023 3.2182281689999996 25.107526169
49 1013759.4459449 4131.447581128299 1013138.3359449 3510.337581128299 0.02946883699999958 0.09440818399999884 28.410987587
50 58359407467.84198 4131.447581128299 58359406846.73198 3510.337581128299 0.028540381000002668 0.0599240089999995 28.536329663
51 4354300009.604679 4131.447581128299 4354299388.494679 3510.337581128299 0.02895907399999942 0.057881720000001025 28.626088773
52 227345.39509528145 4131.447581128299 226724.28509528146 3510.337581128299 0.14666757100000183 0.1771163950000023 28.714024377
53 239134019.70979622 4131.447581128299 239133398.5997962 3510.337581128299 0.02538804099999936 4.720414209000001 29.039830294
54 974539.1993675497 4131.447581128299 973918.0893675498 3510.337581128299 0.025177099999993402 0.13096686499999777 33.786743181
55 1749283.5811303838 4131.447581128299 1748662.4711303837 3510.337581128299 0.026040909000002443 0.05162069100000366 33.944015509
56 4994081525.059281 4131.447581128299 4994080903.949282 3510.337581128299 0.02635569200000276 0.05294983499999972 34.022767963
57 46415.697088299225 4131.447581128299 45794.587088299224 3510.337581128299 0.026544360000002598 0.053779613999999754 34.102986602
58 530168162.1539091 4131.447581128299 530167541.0439091 3510.337581128299 0.03602288700000145 0.05383600200000416 34.18422443
59 56839051.0834734 4131.447581128299 56838429.9734734 3510.337581128299 0.029420876999999734 0.05820607300000091 34.275157864
60 124430.10218694265 4131.447581128299 123808.99218694265 3510.337581128299 0.029208357999998213 0.05998249999999672 34.363878384
61 15808.045940083295 4131.447581128299 15186.935940083295 3510.337581128299 0.027680640999996342 0.056532173000000796 34.454069753
62 29762508.62620122 4131.447581128299 29761887.51620122 3510.337581128299 0.027714435000000037 0.056605107000002874 34.539293681
63 58016187344.09447 4131.447581128299 58016186722.98447 3510.337581128299 0.029863981000005424 0.05865188599999982 34.624604267
64 58016187344.09447 4131.447581128299 58016186722.98447 3510.337581128299 0.029293411999994134 0.058798834999997496 34.7141381
65 89149.4799147884 4131.447581128299 88528.3699147884 3510.337581128299 0.029015889000000072 0.06091201699999971 34.803283123
66 2732.4480951751507 2732.4480951751507 2111.3380951751506 2111.3380951751506 0.02916003600000039 0.061207271999997204 34.89435299
67 983111.732566274 2732.4480951751507 982490.622566274 2111.3380951751506 0.02925270899999788 0.06254572699999983 34.985706433
68 217730.43323391542 2732.4480951751507 217109.32323391543 2111.3380951751506 0.030709303000001853 0.06286029199999632 35.078493241
69 40571.91335844986 2732.4480951751507 39950.80335844986 2111.3380951751506 0.03200682399999977 0.06747019600000215 35.17323018
70 7167.586452380476 2732.4480951751507 6546.476452380476 2111.3380951751506 0.03084508300000266 0.06690982599999984 35.274028535
