"function evaluation" "current f(x)" "best-so-far f(x)" "current af(x)+b" "best af(x)+b" acq_opt_time model_fit_time cum_iteration_time
1 6.401375188410498 6.401375188410498 317.0213751884105 317.0213751884105 None None None
2 7.807429650796962 6.401375188410498 318.42742965079697 317.0213751884105 None None None
3 34.236616409122064 6.401375188410498 344.85661640912207 317.0213751884105 0.027338716999999235 0.029318862000000223 0
4 2.172856216182595 2.172856216182595 312.7928562161826 312.7928562161826 0.0273400309999996 0.07258727799999942 5.081992827
5 30.141921898538612 2.172856216182595 340.7619218985386 312.7928562161826 0.11759691299999986 0.08405773100000058 5.183419571
6 39.781273204728905 2.172856216182595 350.4012732047289 312.7928562161826 0.03673635700000055 0.08276512499999988 5.387055819
7 10.666197336163805 2.172856216182595 321.2861973361638 312.7928562161826 0.0370905610000003 0.08331759599999966 5.50832588
8 8.376086080134655 2.172856216182595 318.99608608013466 312.7928562161826 0.08426599900000031 0.1350730889999996 5.630267688
9 19.80032282208458 2.172856216182595 330.4203228220846 312.7928562161826 0.05001111500000022 0.12198547100000035 5.851228453
10 6.4496280489028095 2.172856216182595 317.0696280489028 312.7928562161826 0.04547962499999958 0.12368907699999987 6.025507081
11 5.706042105240272 2.172856216182595 316.3260421052403 312.7928562161826 0.29438377800000026 0.16425699699999985 6.196792414
12 9.253086918546558 2.172856216182595 319.87308691854656 312.7928562161826 0.038250652999999524 0.08736502000000002 6.657462137
13 20.651498014198182 2.172856216182595 331.2714980141982 312.7928562161826 0.03471457499999975 0.09485907799999982 6.785511721
14 4.588732085298943 2.172856216182595 315.20873208529895 312.7928562161826 0.03414219800000051 0.08621531699999974 6.91733677
15 6.940448704605103 2.172856216182595 317.5604487046051 312.7928562161826 0.03512445399999997 0.08613342499999987 7.039346635
16 4.351299220938984 2.172856216182595 314.971299220939 312.7928562161826 0.03518162499999988 0.09324820299999992 7.162177907
17 39.24151045451612 2.172856216182595 349.8615104545161 312.7928562161826 0.07096856200000001 0.10010219800000009 7.292329525
18 5.258871455762289 2.172856216182595 315.8788714557623 312.7928562161826 0.07040143099999963 0.1843991979999995 7.520158212
19 30.61150412944761 2.172856216182595 341.2315041294476 312.7928562161826 0.0714048079999996 0.21584677000000063 7.777192477
20 10.146914989421361 2.172856216182595 320.76691498942137 312.7928562161826 0.07734606900000074 0.1995414679999996 8.066563108
21 13.540437855271477 2.172856216182595 324.1604378552715 312.7928562161826 0.07278397199999986 0.2034338689999995 8.345487936
22 9.101337004027869 2.172856216182595 319.7213370040279 312.7928562161826 0.07772346900000038 0.2105978000000004 8.623823781
23 10.353467672556064 2.172856216182595 320.97346767255607 312.7928562161826 0.07781847899999939 0.22305000699999944 8.91440209
24 21.08151592914686 2.172856216182595 331.70151592914686 312.7928562161826 0.08338872400000064 0.21281965900000088 9.21739963
25 2.0173207173418746 2.0173207173418746 312.6373207173419 312.6373207173419 0.0780357029999994 0.2106473720000004 9.515910583
26 5.470523039820364 2.0173207173418746 316.09052303982037 312.6373207173419 0.07876095399999983 0.21765524599999964 9.806497084
27 2.801506166281456 2.0173207173418746 313.42150616628146 312.6373207173419 0.11028833900000024 0.30434791399999916 10.105349412
28 12.692946421725082 2.0173207173418746 323.3129464217251 312.6373207173419 0.0791066899999997 0.6499794459999997 10.522940366
29 14.74782901813768 2.0173207173418746 325.3678290181377 312.6373207173419 0.07910882700000066 0.21265704700000043 11.25520055
30 23.518585388756605 2.0173207173418746 334.1385853887566 312.6373207173419 0.06965765800000057 0.21953284099999948 11.548995502
31 73.42152095220126 2.0173207173418746 384.04152095220127 312.6373207173419 0.0801213479999987 0.22672554300000058 11.840084551
32 9.041629350253004 2.0173207173418746 319.661629350253 312.6373207173419 0.07982283800000012 0.2457992579999999 12.148855246
33 14.251719290842743 2.0173207173418746 324.87171929084275 312.6373207173419 0.08446620500000002 0.2259937050000005 12.476835674
34 7.490752057324187 2.0173207173418746 318.1107520573242 312.6373207173419 0.0864749180000004 0.23883946499999986 12.790058305
35 7.923125537444207 2.0173207173418746 318.5431255374442 312.6373207173419 0.08376932000000004 0.24079576099999933 13.118035918
36 37.295528138976124 2.0173207173418746 347.91552813897613 312.6373207173419 0.09692454900000058 0.23253071299999917 13.444651186
37 27.65054624955667 2.0173207173418746 338.2705462495567 312.6373207173419 0.11501056700000056 0.3410255230000008 13.77674245
38 24.57394043392395 2.0173207173418746 335.19394043392396 312.6373207173419 0.08499162100000035 0.23268358700000036 14.235078255
39 4.831537894583505 2.0173207173418746 315.4515378945835 312.6373207173419 0.08370970100000008 0.23976527799999836 14.554837951
40 61.51346584900966 2.0173207173418746 372.13346584900967 312.6373207173419 0.08517780500000072 0.2771637860000009 14.880702459
41 33.34916974571155 2.0173207173418746 343.96916974571155 312.6373207173419 0.12065794899999993 0.25294342699999994 15.245600497
42 7.010531098236527 2.0173207173418746 317.63053109823653 312.6373207173419 0.08053128899999962 0.2825857360000015 15.622368749
43 33.33871881897812 2.0173207173418746 343.9587188189781 312.6373207173419 0.07992360500000117 0.2236968490000013 15.987935675
44 39.5879038015791 2.0173207173418746 350.2079038015791 312.6373207173419 0.22711983199999963 0.5643705420000025 16.293592463
45 5.445733907881106 2.0173207173418746 316.0657339078811 312.6373207173419 0.08004163200000036 0.24720297099999655 17.087505478
46 6.189260252878341 2.0173207173418746 316.80926025287835 312.6373207173419 0.070367289 1.1979655879999989 17.416878834
47 19.715099200885618 2.0173207173418746 330.3350992008856 312.6373207173419 0.08052850800000044 0.23586579299999855 18.687400022
48 21.608882930294612 2.0173207173418746 332.2288829302946 312.6373207173419 0.08155543799999876 0.22969327000000206 19.005859595
49 22.190794643514153 2.0173207173418746 332.81079464351416 312.6373207173419 0.07388186600000068 0.231888442999999 19.31939842
50 15.085302032419861 2.0173207173418746 325.70530203241987 312.6373207173419 0.0914982550000012 0.24082621499999846 19.627288284
51 6.508205563832291 2.0173207173418746 317.1282055638323 312.6373207173419 0.08331163000000075 0.23885298200000094 19.962327393
52 20.097617592618803 2.0173207173418746 330.7176175926188 312.6373207173419 0.08865809299999938 0.24872375900000065 20.286972912
53 22.29819349687682 2.0173207173418746 332.9181934968768 312.6373207173419 0.08898157599999834 0.2500187650000001 20.627320993
54 7.026070657431944 2.0173207173418746 317.64607065743195 312.6373207173419 0.0895960190000018 0.2660786030000004 20.968797107
55 8.770208303262848 2.0173207173418746 319.39020830326285 312.6373207173419 0.07371895700000053 0.24923461900000277 21.326908054
56 25.658800075210706 2.0173207173418746 336.2788000752107 312.6373207173419 0.09348715100000149 0.267085741999999 21.652754909
57 2.0802120414263072 2.0173207173418746 312.7002120414263 312.6373207173419 0.09553041999999934 0.2709045690000025 22.015754444
58 2.31945953505749 2.0173207173418746 312.9394595350575 312.6373207173419 0.08951097100000283 0.6375802240000006 22.384669588
59 26.09042299885425 2.0173207173418746 336.71042299885426 312.6373207173419 0.09125137799999905 0.2683238079999981 23.11442014
60 24.221397838008613 2.0173207173418746 334.8413978380086 312.6373207173419 0.08580365799999967 0.25372368000000023 23.476552438
61 8.123781789387863 2.0173207173418746 318.74378178938787 312.6373207173419 0.08747406700000226 0.295085727 23.818448939
62 2.4447578636862772 2.0173207173418746 313.0647578636863 312.6373207173419 0.08462816499999803 0.25197220200000103 24.203398154
63 3.198666341252874 2.0173207173418746 313.8186663412529 312.6373207173419 0.08650113100000212 0.25092278300000004 24.54258274
64 7.952365071223539 2.0173207173418746 318.57236507122354 312.6373207173419 0.08472701399999849 0.2450052179999993 24.882672471
65 25.702473338406094 2.0173207173418746 336.3224733384061 312.6373207173419 0.08567422100000144 0.24395304699999798 25.214651024
66 25.393211830278005 2.0173207173418746 336.013211830278 312.6373207173419 0.08233527199999813 0.25602638600000205 25.546664118
67 10.274671632024592 2.0173207173418746 320.8946716320246 312.6373207173419 0.08548097299999924 0.2524511920000023 25.887300725
68 2.4822437130105754 2.0173207173418746 313.1022437130106 312.6373207173419 0.08300813299999987 0.26122771800000066 26.227378117
69 29.644946430288996 2.0173207173418746 340.264946430289 312.6373207173419 0.08378557899999706 0.2623599540000008 26.573825864
70 32.177080908751634 2.0173207173418746 342.79708090875164 312.6373207173419 0.08545183500000064 0.2591113279999995 26.922236551
