"function evaluation" "current f(x)" "best-so-far f(x)" "current af(x)+b" "best af(x)+b" acq_opt_time model_fit_time cum_iteration_time
1 645809.940508456 645809.940508456 645674.810508456 645674.810508456 None None None
2 159326.59658998245 159326.59658998245 159191.46658998245 159191.46658998245 None None None
3 362415.36123414425 159326.59658998245 362280.23123414424 159191.46658998245 None None None
4 500656.3448473711 159326.59658998245 500521.2148473711 159191.46658998245 None None None
5 131475.92170899027 131475.92170899027 131340.79170899026 131340.79170899026 None None None
6 432969.1609455419 131475.92170899027 432834.0309455419 131340.79170899026 None None None
7 138555.43491935334 131475.92170899027 138420.30491935334 131340.79170899026 None None None
8 54025.281817885014 54025.281817885014 53890.15181788502 53890.15181788502 None None None
9 142523.65818631847 54025.281817885014 142388.52818631846 53890.15181788502 None None None
10 237183.13517709187 54025.281817885014 237048.00517709187 53890.15181788502 None None None
11 437803.0755307176 54025.281817885014 437667.9455307176 53890.15181788502 0.4554005029999999 0.2578830390000002 0
12 462631.5074499022 54025.281817885014 462496.3774499022 53890.15181788502 0.41050737800000014 0.34887653100000016 6.635976883
13 575071.0620901327 54025.281817885014 574935.9320901327 53890.15181788502 0.3597484090000007 0.29956972400000037 7.396796492
14 362713.5725937315 54025.281817885014 362578.4425937315 53890.15181788502 0.2797935469999988 0.603143158 8.058170765
15 387291.0360950276 54025.281817885014 387155.9060950276 53890.15181788502 0.8102201109999996 0.23739739500000034 8.942410829
16 486082.1035854554 54025.281817885014 485946.9735854554 53890.15181788502 0.5985552819999995 0.6641130149999999 9.991634062
17 375627.6041685501 54025.281817885014 375492.4741685501 53890.15181788502 0.37581226800000067 0.5879613880000001 11.255174477
18 65619.92675237649 54025.281817885014 65484.79675237649 53890.15181788502 0.41954839399999955 0.3015532519999997 12.219829769
19 94105.70808618117 54025.281817885014 93970.57808618117 53890.15181788502 0.30010995399999985 0.6554640549999995 12.942789034
20 59948.65571462324 54025.281817885014 59813.52571462324 53890.15181788502 0.5140012519999999 0.6080320229999998 13.900157905
21 104475.00068490526 54025.281817885014 104339.87068490525 53890.15181788502 0.3007534889999999 0.3034451210000011 15.023609968
22 426273.976585715 54025.281817885014 426138.846585715 53890.15181788502 0.3048394690000009 0.29933181 15.629281835
23 74340.95250158831 54025.281817885014 74205.8225015883 53890.15181788502 0.29775130300000185 0.297748569000003 16.234784442
24 148655.39003235038 54025.281817885014 148520.26003235037 53890.15181788502 0.4783471629999987 0.40147445400000237 16.831516288
25 286065.1485252223 54025.281817885014 285930.0185252223 53890.15181788502 0.3937359359999988 0.5974848930000007 17.712730547
26 830743.0738564584 54025.281817885014 830607.9438564584 53890.15181788502 0.3153801499999993 0.6872082220000024 18.704976481
27 124095.11357033506 54025.281817885014 123959.98357033505 53890.15181788502 0.7987619089999995 0.8269496919999995 19.709236757
28 853584.7361419987 54025.281817885014 853449.6061419987 53890.15181788502 0.36967690500000217 0.7574021999999978 21.336845063
29 48273.910622652205 48273.910622652205 48138.78062265221 48138.78062265221 0.7008027430000006 1.2286855709999998 22.465426647
30 338060.0576742541 48273.910622652205 337924.9276742541 48138.78062265221 0.2912185410000028 0.4954838540000033 24.39635712
31 206510.8638801514 48273.910622652205 206375.73388015138 48138.78062265221 0.20461120099999874 0.22742018900000005 25.184031672
32 253608.8323962937 48273.910622652205 253473.7023962937 48138.78062265221 0.4519213470000025 8.839375207 25.617116205
33 180503.7976064851 48273.910622652205 180368.6676064851 48138.78062265221 0.4963090190000017 0.5298238049999995 34.909225858
34 90790.17878744303 48273.910622652205 90655.04878744303 48138.78062265221 0.48901074500000163 0.559128745999999 35.936422824
35 237594.4863487872 48273.910622652205 237459.3563487872 48138.78062265221 0.48636025900000135 0.5707503020000004 36.985657071
36 311530.33277290536 48273.910622652205 311395.20277290535 48138.78062265221 0.28803313199999536 0.33459437099999434 38.043878517
37 244232.0115215222 48273.910622652205 244096.88152152218 48138.78062265221 0.22482356600000486 0.32952515399999527 38.668518523
38 590623.6454529852 48273.910622652205 590488.5154529852 48138.78062265221 0.324049775000006 0.3197205860000025 39.224338214
39 38366.66106663411 38366.66106663411 38231.53106663411 38231.53106663411 0.24996991700000137 0.3367070369999965 39.869515833
40 159842.3785833192 38366.66106663411 159707.2485833192 38231.53106663411 0.3072383820000013 0.3148118120000021 40.457594713
41 525720.1193363526 38366.66106663411 525584.9893363526 38231.53106663411 0.4441714499999989 0.34575856600000066 41.081133065
42 117261.36153370734 38366.66106663411 117126.23153370734 38231.53106663411 0.3231134580000017 0.2960191969999997 41.872428016
43 219535.0455583689 38366.66106663411 219399.9155583689 38231.53106663411 0.6263494539999996 0.3176274610000007 42.493074906
44 97222.59977550764 38366.66106663411 97087.46977550763 38231.53106663411 0.6673423280000037 0.5513006420000011 43.438639947
45 1007578.764326017 38366.66106663411 1007443.634326017 38231.53106663411 0.9651309779999977 1.082244996 44.658516743
46 28928.801456450798 28928.801456450798 28793.671456450797 28793.671456450797 0.5462321380000006 0.9088847820000012 46.708808874
47 85337.68452067199 28928.801456450798 85202.55452067198 28793.671456450797 0.808213882000004 0.7860397769999992 48.16592307
48 204375.9266963457 28928.801456450798 204240.7966963457 28793.671456450797 0.30408642199999747 2.887816088000001 49.765067374
49 217456.0428739967 28928.801456450798 217320.91287399668 28793.671456450797 0.22061410999999964 0.2764972259999965 52.959378478
50 47687.19771964771 28928.801456450798 47552.06771964771 28793.671456450797 0.2346347959999946 0.29334085600000037 53.457933988
51 115757.63268573348 28928.801456450798 115622.50268573347 28793.671456450797 0.28925761600000044 0.3608265789999976 53.987411065
52 87564.79291359577 28928.801456450798 87429.66291359576 28793.671456450797 0.47287190299999793 0.5689838260000002 54.639495834
53 435701.7614487514 28928.801456450798 435566.6314487514 28793.671456450797 0.5582961789999956 0.85255188 55.683150541
54 112450.90491425023 28928.801456450798 112315.77491425023 28793.671456450797 0.3763252059999971 0.8991665900000001 57.094390728
55 64657.69249039667 28928.801456450798 64522.562490396675 28793.671456450797 0.39322340300000036 0.7516348539999953 58.37094391
56 164528.71848457275 28928.801456450798 164393.58848457274 28793.671456450797 0.47327905299999884 1.2519918070000031 59.518316247
57 89773.2994506895 28928.801456450798 89638.1694506895 28793.671456450797 0.36294781999999515 1.1885133609999983 61.245036473
58 20829.723802668308 20829.723802668308 20694.593802668307 20694.593802668307 0.8163845300000006 0.37991903500000035 62.7998003
59 303481.3039293633 20829.723802668308 303346.1739293633 20694.593802668307 0.28501186399999767 0.9446963439999934 63.997208677
60 98889.60311595336 20829.723802668308 98754.47311595335 20694.593802668307 0.4508140679999997 1.4641741989999986 65.228769361
61 55027.71002537832 20829.723802668308 54892.58002537832 20694.593802668307 0.6941172209999991 0.8736584480000005 67.145081985
62 226876.69756559117 20829.723802668308 226741.56756559116 20694.593802668307 0.3488881619999944 0.8331387070000034 68.714462735
63 239144.44207682993 20829.723802668308 239009.31207682993 20694.593802668307 0.30732720700000016 0.3217781750000057 69.897660262
64 91465.87861650319 20829.723802668308 91330.74861650319 20694.593802668307 0.2169211669999953 0.27518834800000036 70.528127836
65 173885.69233030904 20829.723802668308 173750.56233030904 20694.593802668307 0.21848532799999987 0.2762294489999988 71.02157152
66 236386.98572719685 20829.723802668308 236251.85572719685 20694.593802668307 0.299724169000001 0.27855005899999696 71.51776047
67 158821.98382190295 20829.723802668308 158686.85382190294 20694.593802668307 0.2970067610000058 0.2971845640000055 72.097195847
68 114893.28718563462 20829.723802668308 114758.15718563461 20694.593802668307 0.2194367029999995 0.29129610100000036 72.693066882
69 32303.331324922015 20829.723802668308 32168.201324922014 20694.593802668307 0.21951208000000122 0.2872163300000068 73.205294396
70 61861.52574475823 20829.723802668308 61726.395744758236 20694.593802668307 0.420746132000005 0.4348077650000022 73.713319147
71 147427.87166752777 20829.723802668308 147292.74166752776 20694.593802668307 0.21565958499999738 1.912079362 74.57029218
72 95813.16438685746 20829.723802668308 95678.03438685746 20694.593802668307 0.8831805960000025 0.7640234980000002 76.699423343
73 168988.9655512752 20829.723802668308 168853.8355512752 20694.593802668307 0.2000612920000009 1.2909644659999913 78.350825039
74 68409.63959033907 20829.723802668308 68274.50959033906 20694.593802668307 0.21412358899999617 0.3464703340000028 79.843448086
75 557165.1245331457 20829.723802668308 557029.9945331457 20694.593802668307 0.25710381100000745 0.2851492140000005 80.405382747
76 43406.36046107309 20829.723802668308 43271.23046107309 20694.593802668307 0.22435658000000558 0.2984111580000075 80.948877663
77 96220.8587690411 20829.723802668308 96085.72876904109 20694.593802668307 0.21990771299999778 0.2907571880000006 81.472969049
78 141038.61030014616 20829.723802668308 140903.48030014616 20694.593802668307 0.31148140400000557 0.3339402560000053 81.984920809
79 9541.665689604306 9541.665689604306 9406.535689604307 9406.535689604307 0.2212084689999898 0.2993777709999961 82.631741076
80 62602.70565680144 9541.665689604306 62467.57565680144 9406.535689604307 0.22213721300001055 0.29336450800001046 83.153823127
81 284474.8065693669 9541.665689604306 284339.6765693669 9406.535689604307 0.31264055900000187 0.32396949799999675 83.67069722
82 185885.21095676773 9541.665689604306 185750.08095676772 9406.535689604307 0.393477732000008 0.29933335400001226 84.30864592
83 60620.53890799173 9541.665689604306 60485.40890799173 9406.535689604307 0.3381047900000027 0.32914111400000934 85.002997686
84 4970.836456704671 4970.836456704671 4835.706456704671 4835.706456704671 0.22345720599999197 0.3073094949999984 85.671678959
85 445364.0866975875 4970.836456704671 445228.9566975875 4835.706456704671 0.22848720699998637 0.2990366399999971 86.203968321
86 184956.65887089775 4970.836456704671 184821.52887089775 4835.706456704671 0.23676574300000652 0.2983268109999955 86.732995566
87 561615.0867144653 4970.836456704671 561479.9567144653 4835.706456704671 0.22381864099999405 0.30462083499999437 87.269435262
88 169283.51060652547 4970.836456704671 169148.38060652546 4835.706456704671 0.2238871219999936 0.3051793230000044 87.799236289
89 542764.9513280044 4970.836456704671 542629.8213280044 4835.706456704671 0.7546021449999927 0.46181257099999584 88.329599472
90 700841.8631894819 4970.836456704671 700706.7331894819 4835.706456704671 0.5449988760000082 0.7081349089999947 89.547377027
91 116346.8507971294 4970.836456704671 116211.7207971294 4835.706456704671 0.3913414850000123 0.7584301440000019 90.801805904
92 232931.57659705717 4970.836456704671 232796.44659705716 4835.706456704671 0.36245213200000137 1.7227838109999993 91.957062525
93 395354.95137715345 4970.836456704671 395219.82137715345 4835.706456704671 0.3344991800000088 0.36396175699999844 94.043343954
94 589213.6458430608 4970.836456704671 589078.5158430608 4835.706456704671 1.1158194740000056 0.3919042359999878 94.743174894
95 49227.39407287606 4970.836456704671 49092.26407287606 4835.706456704671 0.3348938780000026 0.9749709690000117 96.252323104
96 76999.2689769764 4970.836456704671 76864.13897697639 4835.706456704671 0.4988330540000021 0.975886310000007 97.562871792
97 65882.00321975247 4970.836456704671 65746.87321975247 4835.706456704671 1.285544599000005 1.0419251319999887 99.040934016
98 50924.959064191695 4970.836456704671 50789.8290641917 4835.706456704671 0.22511078499999826 0.298236983999999 101.370947367
99 40243.3308715507 4970.836456704671 40108.2008715507 4835.706456704671 0.22926106100000254 0.2986853980000035 101.895690709
100 69480.95353219104 4970.836456704671 69345.82353219103 4835.706456704671 1.9749678209999928 0.3492382879999951 102.425066441
101 70734.33593409635 4970.836456704671 70599.20593409635 4835.706456704671 0.5899792769999976 0.9454937029999968 104.751767181
102 100190.33100428092 4970.836456704671 100055.20100428091 4835.706456704671 0.4942178800000079 0.653728944000008 106.288795731
103 193641.5284284903 4970.836456704671 193506.3984284903 4835.706456704671 0.5053355299999964 0.635115674000005 107.438140494
104 628679.8621943016 4970.836456704671 628544.7321943016 4835.706456704671 2.472783769000003 0.7769822489999996 108.580013329
105 292250.64164525364 4970.836456704671 292115.51164525363 4835.706456704671 1.290083826 1.305104509000003 111.834590136
106 147953.02682945135 4970.836456704671 147817.89682945135 4835.706456704671 0.6958674739999964 2.010426592999991 114.433692667
107 90078.79988877164 4970.836456704671 89943.66988877163 4835.706456704671 1.1751243660000057 0.9604452020000025 117.141436966
108 22435.124297745388 4970.836456704671 22299.994297745387 4835.706456704671 0.6733687370000041 2.2638928429999936 119.27837032
109 513273.3528006859 4970.836456704671 513138.2228006859 4835.706456704671 0.5091695480000027 0.6265272499999952 122.21718877
110 109438.54139038877 4970.836456704671 109303.41139038876 4835.706456704671 1.5427292760000029 1.2398313770000016 123.354302559
111 575864.0949316031 4970.836456704671 575728.964931603 4835.706456704671 1.031932869000002 1.2972344390000075 126.137966994
112 157950.84040099135 4970.836456704671 157815.71040099135 4835.706456704671 1.2270839759999888 1.2852446980000138 128.468871557
113 160537.6001703808 4970.836456704671 160402.4701703808 4835.706456704671 0.6632360909999875 0.9004291519999867 130.988277118
114 118115.92490534869 4970.836456704671 117980.79490534868 4835.706456704671 1.0277091570000039 1.3437617060000093 132.553963432
115 43545.259417124624 4970.836456704671 43410.129417124626 4835.706456704671 0.5828548060000003 1.4999940970000125 134.927621349
116 119342.4188346161 4970.836456704671 119207.28883461609 4835.706456704671 0.5084060009999973 3.993291981999988 137.012043626
117 252737.16967804747 4970.836456704671 252602.03967804747 4835.706456704671 0.5086850579999975 0.6828607409999847 141.515476425
118 75190.51614051995 4970.836456704671 75055.38614051994 4835.706456704671 0.9745964939999965 1.1061982209999996 142.708883386
119 445881.1851263648 4970.836456704671 445746.0551263648 4835.706456704671 0.41482429300000945 2.886543082000003 144.790995045
120 185979.08539095445 4970.836456704671 185843.95539095445 4835.706456704671 0.3525854589999824 0.36944549399999005 148.093761216
121 28041.080753525493 4970.836456704671 27905.950753525492 4835.706456704671 0.25558404399998835 0.3447383839999816 148.817454869
122 211560.1526834764 4970.836456704671 211425.0226834764 4835.706456704671 1.6060584249999863 0.9224796649999973 149.419137556
123 62376.32753126152 4970.836456704671 62241.197531261525 4835.706456704671 1.63855670800001 1.7194117040000094 151.948737969
124 658147.0524739685 4970.836456704671 658011.9224739685 4835.706456704671 0.5045623259999843 1.5997993770000107 155.308454625
125 296986.1496709594 4970.836456704671 296851.0196709594 4835.706456704671 0.25490955099999724 1.0539193319999924 157.414282766
126 796016.1907839333 4970.836456704671 795881.0607839333 4835.706456704671 0.8550422250000054 0.9168707750000067 158.724610609
127 89369.46266942513 4970.836456704671 89234.33266942513 4835.706456704671 0.4464520519999837 1.3205036520000135 160.497433065
128 562022.4040569506 4970.836456704671 561887.2740569506 4835.706456704671 0.8434593709999945 2.5263483559999997 162.265972873
129 114133.80338714289 4970.836456704671 113998.67338714289 4835.706456704671 0.648917173000001 0.8764653519999968 165.637194279
130 153061.37501911345 4970.836456704671 152926.24501911344 4835.706456704671 1.4199166360000106 0.7035847790000105 167.164482476
131 195687.58796309802 4970.836456704671 195552.45796309802 4835.706456704671 0.4775521470000115 1.6979324480000173 169.289417108
132 109921.91853574295 4970.836456704671 109786.78853574295 4835.706456704671 0.2914331709999942 0.3943510600000195 171.466291365
133 349032.4486135186 4970.836456704671 348897.3186135186 4835.706456704671 0.7702628580000237 1.4493848280000066 172.15343226
134 370361.7339428534 4970.836456704671 370226.6039428534 4835.706456704671 1.1596668849999787 1.0748384679999958 174.374708905
135 58226.586903454554 4970.836456704671 58091.45690345456 4835.706456704671 0.7648731019999957 1.6050633300000072 176.61080312
136 259972.37855264437 4970.836456704671 259837.24855264436 4835.706456704671 0.5029057180000223 1.9151435050000032 178.982110769
137 52365.89781725864 4970.836456704671 52230.767817258646 4835.706456704671 0.5537857040000063 1.3626918100000012 181.401508911
138 47421.06773040948 4970.836456704671 47285.93773040948 4835.706456704671 1.3721227329999977 1.6432739410000181 183.319404191
139 162300.82192851396 4970.836456704671 162165.69192851396 4835.706456704671 0.6567498130000047 0.748455540000009 186.335468279
140 218412.24721715492 4970.836456704671 218277.1172171549 4835.706456704671 0.3569837430000007 3.1566694519999885 187.742285176
141 309144.9076271232 4970.836456704671 309009.77762712317 4835.706456704671 0.6685484809999878 1.2524218700000063 191.257353947
142 149657.3570733879 4970.836456704671 149522.22707338788 4835.706456704671 1.6214175860000068 1.5941508800000008 193.180021039
143 26413.935532294727 4970.836456704671 26278.805532294726 4835.706456704671 0.5592984470000033 2.619991070999987 196.397036156
144 100883.03729788082 4970.836456704671 100747.90729788081 4835.706456704671 0.553772605000006 0.8239355990000092 199.57782499
145 226038.85425319927 4970.836456704671 225903.72425319927 4835.706456704671 0.7865355050000176 1.1888627280000037 200.957098374
146 577743.2513961267 4970.836456704671 577608.1213961267 4835.706456704671 0.5080240149999895 5.825665698999984 202.933958333
147 396874.0666294948 4970.836456704671 396738.93662949477 4835.706456704671 0.2722245039999791 2.1677777590000176 209.268780904
148 140853.70472948416 4970.836456704671 140718.57472948416 4835.706456704671 0.28761104800000226 0.3484725750000166 211.710184591
149 157585.05435111152 4970.836456704671 157449.92435111152 4835.706456704671 0.2926552250000043 0.3742724189999933 212.347779688
150 33335.95207423977 4970.836456704671 33200.822074239775 4835.706456704671 0.29443132999998056 0.4173863009999934 213.016652317
