"function evaluation" "current f(x)" "best-so-far f(x)" "current af(x)+b" "best af(x)+b" acq_opt_time model_fit_time cum_iteration_time
1 160.0210149606666 160.0210149606666 239.50101496066662 239.50101496066662 None None None
2 65.67151214547813 65.67151214547813 145.15151214547814 145.15151214547814 None None None
3 150.81518243060037 65.67151214547813 230.2951824306004 145.15151214547814 None None None
4 130.7806369596757 65.67151214547813 210.2606369596757 145.15151214547814 None None None
5 116.23756448546278 65.67151214547813 195.7175644854628 145.15151214547814 None None None
6 166.00114918885453 65.67151214547813 245.48114918885454 145.15151214547814 None None None
7 125.8821563506941 65.67151214547813 205.3621563506941 145.15151214547814 None None None
8 49.115395213808384 49.115395213808384 128.5953952138084 128.5953952138084 None None None
9 164.04053552280345 49.115395213808384 243.52053552280347 128.5953952138084 None None None
10 77.7409014522661 49.115395213808384 157.2209014522661 128.5953952138084 None None None
11 179.02756853933425 49.115395213808384 258.5075685393343 128.5953952138084 0.4702186399999997 0.26822003600000066 0
12 86.679128018637 49.115395213808384 166.159128018637 128.5953952138084 1.0248915690000002 0.3987928319999998 6.948515601
13 81.11719188963379 49.115395213808384 160.5971918896338 128.5953952138084 0.36352924300000033 0.5785316550000008 8.373522703
14 86.05554890057927 49.115395213808384 165.53554890057927 128.5953952138084 0.5240379090000005 0.27734716299999995 9.31639834
15 157.623326928596 49.115395213808384 237.103326928596 128.5953952138084 0.4170472849999989 0.6615055900000009 10.119101188
16 109.74050219097161 49.115395213808384 189.22050219097162 128.5953952138084 1.055469174999999 0.6552792010000008 11.198706074
17 159.67413473004638 49.115395213808384 239.1541347300464 128.5953952138084 0.22627149600000074 0.6673980660000005 12.910639848
18 101.80937836772038 49.115395213808384 181.2893783677204 128.5953952138084 0.36682971799999997 0.3326697079999992 13.805625065
19 83.46821823979822 49.115395213808384 162.94821823979822 128.5953952138084 0.4714306869999998 0.6740036400000005 14.506695706
20 189.48574393683884 49.115395213808384 268.96574393683886 128.5953952138084 0.47753270799999825 0.8255606780000004 15.661724897
21 99.5305426396 49.115395213808384 179.0105426396 128.5953952138084 0.2822456640000013 0.2848542280000004 16.965798772
22 98.445878705543 49.115395213808384 177.925878705543 128.5953952138084 0.2872834009999998 0.2814372899999995 17.534263298
23 66.49958367378765 49.115395213808384 145.97958367378766 128.5953952138084 0.29727417000000145 0.2984268429999979 18.104374949
24 74.43737890823657 49.115395213808384 153.91737890823657 128.5953952138084 0.20474555699999897 0.272889726999999 18.701433626
25 194.40138197116164 49.115395213808384 273.88138197116166 128.5953952138084 0.6337522560000011 0.26659476899999746 19.180446747
26 189.97982330263324 49.115395213808384 269.45982330263325 128.5953952138084 0.3022455149999992 0.36837592799999896 20.082020167
27 74.19200257383723 49.115395213808384 153.67200257383723 128.5953952138084 0.21154543699999806 0.28476832599999824 20.754166458
28 52.37894478364758 49.115395213808384 131.8589447836476 128.5953952138084 0.3066804139999988 0.3146428479999983 21.251803237
29 169.57033400034953 49.115395213808384 249.05033400034955 128.5953952138084 0.30416840399999856 0.3038240899999991 21.874476996
30 92.59692991945228 49.115395213808384 172.07692991945228 128.5953952138084 0.22209532800000176 0.2778450289999981 22.483745728
31 123.97956673761361 49.115395213808384 203.4595667376136 128.5953952138084 0.4387352 0.7893490199999995 22.986270349
32 89.23160403323097 49.115395213808384 168.71160403323097 128.5953952138084 0.31368701000000243 1.0263222249999977 24.215963046
33 49.96362511336248 49.115395213808384 129.4436251133625 128.5953952138084 0.5976353500000009 1.5031673549999987 25.557021748
34 187.85861578945816 49.115395213808384 267.3386157894582 128.5953952138084 0.7576042560000005 0.5194633280000005 27.659144581
35 142.14599960099815 49.115395213808384 221.62599960099817 128.5953952138084 0.4385451059999994 0.6583536260000002 28.937724392
36 99.02695163018605 49.115395213808384 178.50695163018605 128.5953952138084 0.19476287100000178 0.31713465600000035 30.035834487
37 46.660407420465745 46.660407420465745 126.14040742046575 126.14040742046575 0.34755376600000076 0.2609105780000007 30.54903008
38 79.58527242654652 46.660407420465745 159.06527242654653 126.14040742046575 0.30494376799999756 0.30766843700000024 31.159013379
39 171.50808887625607 46.660407420465745 250.98808887625609 126.14040742046575 0.22292345900000043 0.27812220200000226 31.773082571
40 113.99875145902259 46.660407420465745 193.4787514590226 126.14040742046575 0.310061288 0.30766246499999994 32.27546522
41 73.05175988206658 46.660407420465745 152.53175988206658 126.14040742046575 0.3087798500000005 0.3086169650000059 32.894510841
42 67.98424328371512 46.660407420465745 147.46424328371512 126.14040742046575 0.31084669999999903 0.3084292009999956 33.513348699
43 98.83721098787261 46.660407420465745 178.3172109878726 126.14040742046575 0.31100149400000277 0.33486363299999766 34.134010076
44 124.00812328912032 46.660407420465745 203.48812328912032 126.14040742046575 0.372935923 0.43729692699999845 34.781220259
45 64.1799087041917 46.660407420465745 143.6599087041917 126.14040742046575 0.36918467600000326 0.41870936000000114 35.594570661
46 161.04294802674474 46.660407420465745 240.52294802674476 126.14040742046575 0.24608480100000207 0.3084895710000026 36.383856297
47 64.03904153604613 46.660407420465745 143.51904153604613 126.14040742046575 0.3124811579999971 0.628391372000003 36.939828553
48 77.54424076130626 46.660407420465745 157.02424076130626 126.14040742046575 0.4519599910000025 0.9780237219999961 37.882211618
49 73.1803032810126 46.660407420465745 152.6603032810126 126.14040742046575 0.21850934100000075 0.35922889599999763 39.320993259
50 149.76579906949058 46.660407420465745 229.2457990694906 126.14040742046575 0.21723442100000057 0.28440654399999943 39.900277856
51 90.77272812674023 46.660407420465745 170.25272812674024 126.14040742046575 0.22212557800000354 0.2906885490000022 40.403248356
52 60.969911316686634 46.660407420465745 140.44991131668664 126.14040742046575 0.2817914140000042 0.360455696999999 40.91737832
53 138.54443426610334 46.660407420465745 218.02443426610336 126.14040742046575 0.3853162110000028 0.2830668650000021 41.560991713
54 113.93777907039144 46.660407420465745 193.41777907039145 126.14040742046575 0.222676964999998 0.3725867839999992 42.231000293
55 60.20733593719923 46.660407420465745 139.68733593719924 126.14040742046575 0.21986180300000058 0.30291294199999896 42.827689914
56 161.62038219637674 46.660407420465745 241.10038219637676 126.14040742046575 0.21466112800000303 0.28299367800000397 43.351919347
57 62.78425337335075 46.660407420465745 142.26425337335075 126.14040742046575 0.21414823500000324 0.2831451489999992 43.850893042
58 210.51174528812936 46.660407420465745 289.9917452881294 126.14040742046575 0.21620923900000122 0.28293917700000293 44.349493527
59 93.51173988296743 46.660407420465745 172.99173988296744 126.14040742046575 0.22758944100000633 0.304891499 44.849963252
60 71.91911108246295 46.660407420465745 151.39911108246295 126.14040742046575 0.6081858319999967 0.3234009379999989 45.383813035
61 54.79921774432502 46.660407420465745 134.27921774432502 126.14040742046575 0.4489001660000014 0.5570052219999937 46.316827829
62 97.23501216799964 46.660407420465745 176.71501216799965 126.14040742046575 0.3761786909999998 1.0033923720000004 47.324250423
63 105.57479001584433 46.660407420465745 185.05479001584433 126.14040742046575 0.3434504700000005 3.5203055009999957 48.705351018
64 81.71496820601597 46.660407420465745 161.19496820601597 126.14040742046575 0.2022252160000022 0.28214932299999873 52.570061781
65 73.79679659212469 46.660407420465745 153.2767965921247 126.14040742046575 0.2101416140000012 0.2720993790000037 53.055931294
66 120.05892316299987 46.660407420465745 199.53892316299988 126.14040742046575 0.21450537399999803 0.2763400279999999 53.539755624
67 82.76494397287333 46.660407420465745 162.24494397287333 126.14040742046575 0.226276569999996 0.30403871800000104 54.031986928
68 124.16875317065718 46.660407420465745 203.6487531706572 126.14040742046575 0.22634557399999977 0.2915190869999975 54.563669071
69 114.89125107615693 46.660407420465745 194.37125107615694 126.14040742046575 0.22915253000000035 0.2930148490000022 55.082863342
70 193.6477042088987 46.660407420465745 273.1277042088987 126.14040742046575 0.3251890239999966 0.3502303490000003 55.606369178
71 153.43916657545873 46.660407420465745 232.91916657545875 126.14040742046575 0.27977326999999974 0.35787964000000017 56.28291684
72 79.12007680472773 46.660407420465745 158.60007680472773 126.14040742046575 0.33668856700000305 0.8217678520000007 56.921998569
73 86.54775375621638 46.660407420465745 166.02775375621638 126.14040742046575 0.2990052399999996 0.3322181580000034 58.081816082
74 88.36798311525423 46.660407420465745 167.84798311525424 126.14040742046575 0.37368900100000246 0.3681659330000002 58.71473746
75 83.45273281121389 46.660407420465745 162.9327328112139 126.14040742046575 0.44106833000000023 1.200414336999998 59.458662549
76 95.564592997692 46.660407420465745 175.044592997692 126.14040742046575 0.5296954809999974 0.7752223880000031 61.10128893
77 42.63497216980137 42.63497216980137 122.11497216980138 122.11497216980138 0.4264062880000026 0.7364765650000038 62.407370271
78 152.75176618808882 42.63497216980137 232.23176618808884 122.11497216980138 0.4428663279999938 2.183563346999996 63.573156307
79 31.06373051402008 31.06373051402008 110.54373051402008 110.54373051402008 0.2242914589999998 1.2447344600000037 66.200633126
80 81.05996924200532 31.06373051402008 160.53996924200533 110.54373051402008 0.6567163659999977 0.28851884300000563 67.671199818
81 118.01112063158239 31.06373051402008 197.4911206315824 110.54373051402008 0.22818407399999785 1.1343371619999942 68.617024919
82 106.94446309363362 31.06373051402008 186.42446309363362 110.54373051402008 0.4719046129999924 0.9199235069999929 69.980607221
83 51.42629003836585 31.06373051402008 130.90629003836585 110.54373051402008 0.263572974000013 2.027026270999997 71.373422585
84 36.399752495011924 31.06373051402008 115.87975249501193 110.54373051402008 0.1956598950000057 0.2631390959999891 73.665376429
85 91.95863795062205 31.06373051402008 171.43863795062205 110.54373051402008 0.2696839219999987 0.27644498099999737 74.12545118
86 40.676956584917804 31.06373051402008 120.15695658491781 110.54373051402008 0.2305992569999944 0.305241819999992 74.673244101
87 83.23300505120311 31.06373051402008 162.7130050512031 110.54373051402008 0.21910884000000408 0.2931995569999941 75.210435801
88 132.4098969029215 31.06373051402008 211.88989690292152 110.54373051402008 0.21753989600000523 0.29218767100000775 75.724045511
89 51.13073218061167 31.06373051402008 130.61073218061168 110.54373051402008 0.3425941080000001 0.3684672340000077 76.235220042
90 91.40693955865773 31.06373051402008 170.88693955865773 110.54373051402008 0.5690461969999916 0.5986585950000034 76.94768715
91 137.25674019826852 31.06373051402008 216.73674019826854 110.54373051402008 0.4560525400000017 1.008283953000003 78.116986551
92 121.35595879202556 31.06373051402008 200.83595879202556 110.54373051402008 0.6111381310000041 0.633233900999997 79.582629579
93 54.54081857311654 31.06373051402008 134.02081857311654 110.54373051402008 0.6076312269999988 3.2633996139999937 80.82926409
94 103.22846759793522 31.06373051402008 182.70846759793523 110.54373051402008 0.35533814699999766 1.547524058999997 84.701502907
95 163.65076208917435 31.06373051402008 243.13076208917437 110.54373051402008 0.5057191100000011 1.4489041279999952 86.606690289
96 115.54670335308138 31.06373051402008 195.0267033530814 110.54373051402008 0.284687648000002 1.4662694959999953 88.562322717
97 153.01512801863697 31.06373051402008 232.495128018637 110.54373051402008 0.2777795860000083 0.4263428229999988 90.314660978
98 52.89379078157559 31.06373051402008 132.3737907815756 110.54373051402008 1.4613527940000068 0.33281067600000824 91.020402993
99 91.73728431790279 31.06373051402008 171.2172843179028 110.54373051402008 0.432478138999997 1.8306041259999972 92.816354386
100 64.49116819700733 31.06373051402008 143.97116819700733 110.54373051402008 0.7048998570000009 1.4076855710000018 95.086017691
101 109.3591067583334 31.06373051402008 188.8391067583334 110.54373051402008 0.47097555899999577 0.9383693399999942 97.199770758
102 56.49988852492048 31.06373051402008 135.97988852492048 110.54373051402008 0.49319418299999995 0.6313893670000112 98.610544578
103 119.76731035276607 31.06373051402008 199.24731035276608 110.54373051402008 0.49835116799999923 0.642322066999995 99.736760097
104 94.0351779262988 31.06373051402008 173.5151779262988 110.54373051402008 0.5026179989999946 0.8453381129999968 100.878995446
105 87.9084823720445 31.06373051402008 167.3884823720445 110.54373051402008 0.252546774999999 0.3235053679999993 102.22836087
106 80.04505856230618 31.06373051402008 159.52505856230619 110.54373051402008 0.2771314369999942 0.3454833320000006 102.805860348
107 97.91866713849645 31.06373051402008 177.39866713849645 110.54373051402008 0.25262366500000155 0.3289390859999912 103.429917532
108 106.68569204728438 31.06373051402008 186.16569204728438 110.54373051402008 0.3746346779999925 0.3716500219999972 104.013033197
109 44.84285037348589 31.06373051402008 124.32285037348589 110.54373051402008 0.25428643399999373 0.3327918330000017 104.760797388
110 80.52318621421377 31.06373051402008 160.00318621421377 110.54373051402008 0.3249640830000118 0.4449810269999972 105.349326036
111 81.04721450122788 31.06373051402008 160.5272145012279 110.54373051402008 0.25697803799999974 0.33988060299999745 106.120834607
112 75.0230512653376 31.06373051402008 154.5030512653376 110.54373051402008 0.25803775700001097 0.3348358230000059 106.71910321
113 46.78071479400748 31.06373051402008 126.26071479400748 110.54373051402008 0.25714288499999327 0.33452766099999565 107.313377664
114 102.70765718398992 31.06373051402008 182.18765718398993 110.54373051402008 0.2725676969999995 0.47506355299999825 107.906605155
115 113.06284046402233 31.06373051402008 192.54284046402233 110.54373051402008 0.6316121039999985 0.34997001600000033 108.655622119
116 116.70947187702178 31.06373051402008 196.1894718770218 110.54373051402008 0.2356426619999894 3.272039110999998 109.638692749
117 73.27638616016215 31.06373051402008 152.75638616016215 110.54373051402008 0.25072011299999986 0.3370670099999984 113.147687882
118 59.991331252725544 31.06373051402008 139.47133125272555 110.54373051402008 0.24431305500000633 0.3709982489999959 113.736977066
119 38.8568792911022 31.06373051402008 118.3368792911022 110.54373051402008 0.3639449220000017 0.38465162900000394 114.353763179
120 96.95418734028915 31.06373051402008 176.43418734028916 110.54373051402008 1.837402707999999 4.603915779999994 115.103788928
121 29.744228149261758 29.744228149261758 109.22422814926176 109.22422814926176 0.5757483000000008 1.2997446899999971 121.546224426
122 120.175164413394 29.744228149261758 199.655164413394 109.22422814926176 1.4006718019999767 5.799804723999998 123.42270284
123 84.2554548507617 29.744228149261758 163.7354548507617 109.22422814926176 1.6941076550000105 1.4149641279999798 130.624672286
124 127.31911072211882 29.744228149261758 206.79911072211883 109.22422814926176 0.8998172889999978 0.7942711299999985 133.742046792
125 88.5263190460682 29.744228149261758 168.0063190460682 109.22422814926176 1.8629999279999936 1.0975169650000112 135.438142652
126 50.57376844023962 29.744228149261758 130.05376844023962 109.22422814926176 0.3032574220000015 1.3542060660000175 138.399816146
127 46.69823922984371 29.744228149261758 126.17823922984371 109.22422814926176 0.2596555570000021 0.33886284600001204 140.058843048
128 115.24589095724336 29.744228149261758 194.72589095724337 109.22422814926176 1.0266745240000148 0.7390203020000001 140.658795797
129 63.906857940712555 29.744228149261758 143.38685794071256 109.22422814926176 1.0729998499999738 2.6895513950000236 142.425919468
130 41.50250714570335 29.744228149261758 120.98250714570335 109.22422814926176 1.6141502529999912 1.7586629239999922 146.189881506
131 31.339953747207787 29.744228149261758 110.81995374720779 109.22422814926176 0.7042849499999875 0.9416157729999952 149.564256824
132 42.57784104958155 29.744228149261758 122.05784104958155 109.22422814926176 1.0238617999999917 0.9177216399999963 151.211498401
133 25.152049418573938 25.152049418573938 104.63204941857394 104.63204941857394 1.7639014130000135 1.7948769639999966 153.154865101
134 46.63429832628081 25.152049418573938 126.11429832628082 104.63204941857394 0.6901271410000049 1.9674003069999912 156.715229967
135 76.4766794802829 25.152049418573938 155.9566794802829 104.63204941857394 0.7510487549999993 1.7166420160000087 159.374407691
136 55.7334934976695 25.152049418573938 135.2134934976695 104.63204941857394 0.5526253879999956 0.7168316990000108 161.843623748
137 28.133851679733354 25.152049418573938 107.61385167973336 104.63204941857394 0.28693011699999715 0.7701657730000022 163.114935579
138 49.93152782044773 25.152049418573938 129.41152782044773 104.63204941857394 0.7424235070000123 0.40824496299998714 164.173620609
139 35.663854112056214 25.152049418573938 115.14385411205622 104.63204941857394 1.0236677899999904 3.552858702000009 165.325774662
140 55.51007797584613 25.152049418573938 134.99007797584613 104.63204941857394 1.4256151259999967 1.3560445729999913 169.911525721
141 34.3180963533967 25.152049418573938 113.7980963533967 104.63204941857394 0.6964076060000082 1.5351374469999826 172.694553952
142 14.817864111605786 14.817864111605786 94.29786411160579 94.29786411160579 1.3158430009999904 2.4723753289999877 174.927952531
143 100.04427085004097 14.817864111605786 179.52427085004098 94.29786411160579 0.48983908499999984 1.4439815629999941 178.717872263
144 36.69131125362641 14.817864111605786 116.17131125362641 94.29786411160579 0.4371545509999919 2.684445005000015 180.653098565
145 117.7638611387667 14.817864111605786 197.2438611387667 94.29786411160579 0.7029851320000091 1.0307676709999782 183.776158906
146 69.05080280806091 14.817864111605786 148.5308028080609 94.29786411160579 0.3896813990000112 0.40332558900001914 185.511364717
147 116.41924999512453 14.817864111605786 195.89924999512453 94.29786411160579 0.5352704439999911 1.0796667850000006 186.305948961
148 25.22436760243953 14.817864111605786 104.70436760243953 94.29786411160579 0.40896900399999936 1.0509719739999923 187.922380549
149 60.31579231303819 14.817864111605786 139.7957923130382 94.29786411160579 0.8453737179999905 10.071625170000004 189.38404106
150 77.88122305940091 14.817864111605786 157.3612230594009 94.29786411160579 0.2857861329999878 1.4592757849999884 200.302768649
