"function evaluation" "current f(x)" "best-so-far f(x)" "current af(x)+b" "best af(x)+b" acq_opt_time model_fit_time cum_iteration_time
1 81.33653940824763 81.33653940824763 391.95653940824764 391.95653940824764 None None None
2 73.02454255607262 73.02454255607262 383.6445425560726 383.6445425560726 None None None
3 79.6997704133982 73.02454255607262 390.3197704133982 383.6445425560726 None None None
4 76.83189482405669 73.02454255607262 387.4518948240567 383.6445425560726 None None None
5 77.36439188311851 73.02454255607262 387.9843918831185 383.6445425560726 None None None
6 85.02374607913146 73.02454255607262 395.64374607913146 383.6445425560726 None None None
7 85.91642661241946 73.02454255607262 396.53642661241946 383.6445425560726 None None None
8 82.56071790093841 73.02454255607262 393.1807179009384 383.6445425560726 None None None
9 71.89108938263155 71.89108938263155 382.51108938263155 382.51108938263155 None None None
10 81.7950188220691 71.89108938263155 392.4150188220691 382.51108938263155 None None None
11 85.57329816186598 71.89108938263155 396.193298161866 382.51108938263155 0.14587148699999997 0.16801841000000017 0
12 85.57329816186598 71.89108938263155 396.193298161866 382.51108938263155 0.28826044699999986 0.237881695 3.615726602
13 85.57329816186598 71.89108938263155 396.193298161866 382.51108938263155 0.18790201900000003 0.31900808800000036 4.143024546
14 85.57329816186598 71.89108938263155 396.193298161866 382.51108938263155 0.42903892800000065 0.36640049799999996 4.651149623
15 85.57329816186598 71.89108938263155 396.193298161866 382.51108938263155 0.49433075899999945 0.29848585800000027 5.501898833
16 85.57329816186598 71.89108938263155 396.193298161866 382.51108938263155 0.398648691 0.397044996 6.295888102
17 85.57329816186598 71.89108938263155 396.193298161866 382.51108938263155 0.19910256399999948 0.26899755499999944 7.094148406
18 85.57329816186598 71.89108938263155 396.193298161866 382.51108938263155 0.2486469720000004 0.2944457820000004 7.563605105
19 85.57329816186598 71.89108938263155 396.193298161866 382.51108938263155 0.19423550700000014 0.25159773899999927 8.108180255
20 85.57329816186598 71.89108938263155 396.193298161866 382.51108938263155 0.19222775499999933 0.2533291569999996 8.555303045
21 85.57329816186598 71.89108938263155 396.193298161866 382.51108938263155 0.27604684400000146 0.28125029499999954 9.002257773
22 85.57329816186598 71.89108938263155 396.193298161866 382.51108938263155 0.806033617999999 0.27456449199999966 9.560821521
23 85.57329816186598 71.89108938263155 396.193298161866 382.51108938263155 0.2746079580000007 0.4702311789999989 10.643354107
24 85.57329816186598 71.89108938263155 396.193298161866 382.51108938263155 0.33888535600000047 0.49318468900000134 11.389342584
25 85.57329816186598 71.89108938263155 396.193298161866 382.51108938263155 0.19955929500000025 0.6386726669999998 12.222781493
26 85.57329816186598 71.89108938263155 396.193298161866 382.51108938263155 0.5081509490000009 0.5215299160000004 13.062415415
27 85.57329816186598 71.89108938263155 396.193298161866 382.51108938263155 0.29977683000000077 0.46209231000000095 14.093177164
28 85.57329816186598 71.89108938263155 396.193298161866 382.51108938263155 0.34529194799999985 0.9188623640000007 14.856135205
29 85.57329816186598 71.89108938263155 396.193298161866 382.51108938263155 0.27406170799999785 0.2903500819999998 16.12233399
30 85.57329816186598 71.89108938263155 396.193298161866 382.51108938263155 0.1910697930000005 0.2394937629999987 16.688171729
31 85.57329816186598 71.89108938263155 396.193298161866 382.51108938263155 0.3482348490000007 0.284272768000001 17.120110481
32 85.57329816186598 71.89108938263155 396.193298161866 382.51108938263155 0.259370564000001 0.25773252699999816 17.753989299
33 85.57329816186598 71.89108938263155 396.193298161866 382.51108938263155 0.27371774899999934 0.33828921100000287 18.272770942
34 85.57329816186598 71.89108938263155 396.193298161866 382.51108938263155 0.2871416379999978 0.28344206700000285 18.886220697
35 85.57329816186598 71.89108938263155 396.193298161866 382.51108938263155 0.29561205999999984 0.28724307499999924 19.458275771
36 85.57329816186598 71.89108938263155 396.193298161866 382.51108938263155 0.20760912700000134 0.2684182429999993 20.042534156
37 85.57329816186598 71.89108938263155 396.193298161866 382.51108938263155 0.2028068019999978 0.2575751160000017 20.519920984
38 85.57329816186598 71.89108938263155 396.193298161866 382.51108938263155 0.4235278249999972 0.2915261409999985 20.981712014
39 85.57329816186598 71.89108938263155 396.193298161866 382.51108938263155 0.20128736799999913 0.3197717419999968 21.699624983
40 85.57329816186598 71.89108938263155 396.193298161866 382.51108938263155 0.2914613800000012 0.28861823000000086 22.222237048
41 85.57329816186598 71.89108938263155 396.193298161866 382.51108938263155 0.2960541560000003 0.28821025799999944 22.803949122
42 85.57329816186598 71.89108938263155 396.193298161866 382.51108938263155 0.2983573970000002 0.2919281389999995 23.389537776
43 85.57329816186598 71.89108938263155 396.193298161866 382.51108938263155 0.28362618499999925 0.30167929699999974 23.981155157
44 85.57329816186598 71.89108938263155 396.193298161866 382.51108938263155 0.19534041400000035 0.25306183799999715 24.567752295
45 85.57329816186598 71.89108938263155 396.193298161866 382.51108938263155 0.5197932449999989 0.292860374 25.017606661
46 85.57329816186598 71.89108938263155 396.193298161866 382.51108938263155 0.39891490499999804 0.9434233809999988 25.831334281
47 85.57329816186598 71.89108938263155 396.193298161866 382.51108938263155 0.28244350199999957 0.5813427110000013 27.174761093
48 85.57329816186598 71.89108938263155 396.193298161866 382.51108938263155 0.19865842700000158 0.2888179450000017 28.040029468
49 85.57329816186598 71.89108938263155 396.193298161866 382.51108938263155 0.2010215329999987 0.2607174100000016 28.528904012
50 85.57329816186598 71.89108938263155 396.193298161866 382.51108938263155 0.20215855000000005 0.2942638950000003 28.99197846
51 85.57329816186598 71.89108938263155 396.193298161866 382.51108938263155 0.1919598719999982 0.25464097500000094 29.490001094
52 85.57329816186598 71.89108938263155 396.193298161866 382.51108938263155 0.1969146340000023 0.3173824080000003 29.938013622
53 85.57329816186598 71.89108938263155 396.193298161866 382.51108938263155 0.20343265600000038 0.2613383760000012 30.453718011
54 85.57329816186598 71.89108938263155 396.193298161866 382.51108938263155 0.20672961300000026 0.25881656399999997 30.919865537
55 85.57329816186598 71.89108938263155 396.193298161866 382.51108938263155 0.20183149100000009 0.2671496050000002 31.386746631
56 85.57329816186598 71.89108938263155 396.193298161866 382.51108938263155 0.19394036000000625 0.24862383600000015 31.857050888
57 85.57329816186598 71.89108938263155 396.193298161866 382.51108938263155 0.20017610200000036 0.2597026030000009 32.300912138
58 85.57329816186598 71.89108938263155 396.193298161866 382.51108938263155 0.21459400500000214 0.3790410849999972 32.762105378
59 85.57329816186598 71.89108938263155 396.193298161866 382.51108938263155 0.19295699500000296 0.271227562 33.357025567
60 85.57329816186598 71.89108938263155 396.193298161866 382.51108938263155 0.289813941999995 0.2832702600000019 33.822535912
61 85.57329816186598 71.89108938263155 396.193298161866 382.51108938263155 0.20911030799999963 0.2709092280000007 34.397123418
62 85.57329816186598 71.89108938263155 396.193298161866 382.51108938263155 0.24000049099999643 0.2745361719999977 34.878551725
63 85.57329816186598 71.89108938263155 396.193298161866 382.51108938263155 0.33180783599999586 0.3433983669999989 35.394730464
64 85.57329816186598 71.89108938263155 396.193298161866 382.51108938263155 0.21509373900000384 0.2914641150000037 36.071511523
65 85.57329816186598 71.89108938263155 396.193298161866 382.51108938263155 0.5005209609999994 0.4653792269999997 36.579684573
66 85.57329816186598 71.89108938263155 396.193298161866 382.51108938263155 0.20938800399999735 0.322526517 37.547090514
67 85.57329816186598 71.89108938263155 396.193298161866 382.51108938263155 0.21150119500000386 0.2824785610000049 38.080431569
68 85.57329816186598 71.89108938263155 396.193298161866 382.51108938263155 0.21089333700000168 0.2732881909999989 38.575994418
69 85.57329816186598 71.89108938263155 396.193298161866 382.51108938263155 0.21042315700000103 0.27175580400000143 39.061768174
70 85.57329816186598 71.89108938263155 396.193298161866 382.51108938263155 0.31199072799999783 0.30498963300000526 39.54524877
71 85.57329816186598 71.89108938263155 396.193298161866 382.51108938263155 0.48459885500000155 0.2737095700000012 40.163567365
72 85.57329816186598 71.89108938263155 396.193298161866 382.51108938263155 0.29876868999999573 0.38827417099999906 40.92526269
73 85.57329816186598 71.89108938263155 396.193298161866 382.51108938263155 0.20326246500000167 2.765190433000001 41.61372027
74 85.57329816186598 71.89108938263155 396.193298161866 382.51108938263155 0.19835856099999916 0.2607130140000038 44.583678413
75 85.57329816186598 71.89108938263155 396.193298161866 382.51108938263155 0.2018191830000049 0.2630627369999985 45.04424734
76 85.57329816186598 71.89108938263155 396.193298161866 382.51108938263155 0.20486027399999784 0.2665862329999982 45.510414966
77 85.57329816186598 71.89108938263155 396.193298161866 382.51108938263155 0.20362071200000287 0.26548762999999553 45.983144278
78 85.57329816186598 71.89108938263155 396.193298161866 382.51108938263155 0.30198345200000176 0.29936510400000316 46.453508829
79 85.57329816186598 71.89108938263155 396.193298161866 382.51108938263155 0.20288882100000194 0.2620379390000025 47.05643321
80 85.57329816186598 71.89108938263155 396.193298161866 382.51108938263155 0.3034065510000019 0.42523130499999695 47.52289308
81 85.57329816186598 71.89108938263155 396.193298161866 382.51108938263155 0.3411635399999966 0.3183069099999969 48.25284738
82 85.57329816186598 71.89108938263155 396.193298161866 382.51108938263155 0.21004579300000614 0.2875490760000048 48.913702307
83 85.57329816186598 71.89108938263155 396.193298161866 382.51108938263155 0.30702673399999725 0.3055331309999971 49.412623228
84 85.57329816186598 71.89108938263155 396.193298161866 382.51108938263155 0.20895520899999553 0.27586825699999906 50.02663728
85 85.57329816186598 71.89108938263155 396.193298161866 382.51108938263155 0.20770796499999733 0.27833265900000015 50.512755153
86 85.57329816186598 71.89108938263155 396.193298161866 382.51108938263155 0.22668262900000258 0.293577925000001 51.000090608
87 85.57329816186598 71.89108938263155 396.193298161866 382.51108938263155 0.21157447800000284 0.3174399500000007 51.521857363
88 85.57329816186598 71.89108938263155 396.193298161866 382.51108938263155 0.2208082659999988 0.2833894720000032 52.052209389
89 85.57329816186598 71.89108938263155 396.193298161866 382.51108938263155 0.31415643999999787 0.3214106160000014 52.557985912
90 85.57329816186598 71.89108938263155 396.193298161866 382.51108938263155 0.3078624500000018 0.32217720100000236 53.194970186
91 85.57329816186598 71.89108938263155 396.193298161866 382.51108938263155 0.22571774400000066 0.293392745999995 53.826390465
92 85.57329816186598 71.89108938263155 396.193298161866 382.51108938263155 0.23064288900000207 0.30026476899999466 54.34748828
93 85.57329816186598 71.89108938263155 396.193298161866 382.51108938263155 0.40727236000000033 0.5031938979999993 54.880505644
94 85.57329816186598 71.89108938263155 396.193298161866 382.51108938263155 0.31111113600000095 0.3755427219999987 55.792267628
95 85.57329816186598 71.89108938263155 396.193298161866 382.51108938263155 0.22289171499999583 0.2842065680000019 56.480466678
96 85.57329816186598 71.89108938263155 396.193298161866 382.51108938263155 0.21917355699999774 0.28931096899999886 56.988985565
97 85.57329816186598 71.89108938263155 396.193298161866 382.51108938263155 0.21883279000000044 0.2887282919999947 57.498874324
98 85.57329816186598 71.89108938263155 396.193298161866 382.51108938263155 0.7034187770000031 0.3003718869999972 58.007788997
99 85.57329816186598 71.89108938263155 396.193298161866 382.51108938263155 0.26092805300000066 0.2878920249999979 59.013137649
100 85.57329816186598 71.89108938263155 396.193298161866 382.51108938263155 0.32226060500000386 0.3242949750000008 59.563412706
101 85.57329816186598 71.89108938263155 396.193298161866 382.51108938263155 0.22278616999999912 0.2936400510000041 60.211432991
102 85.57329816186598 71.89108938263155 396.193298161866 382.51108938263155 0.22299409300000406 0.30173945500000343 60.729370963
103 85.57329816186598 71.89108938263155 396.193298161866 382.51108938263155 0.22441984900000023 0.29759405099999725 61.255562206
104 85.57329816186598 71.89108938263155 396.193298161866 382.51108938263155 0.3463105650000031 0.3284160840000041 61.778953014
105 85.57329816186598 71.89108938263155 396.193298161866 382.51108938263155 0.22114590400000367 0.29351053999999976 62.455176411
106 85.57329816186598 71.89108938263155 396.193298161866 382.51108938263155 0.5503146430000001 0.30278095700000307 62.971203581
107 85.57329816186598 71.89108938263155 396.193298161866 382.51108938263155 0.22668464100000563 0.32645223700000514 63.825535571
108 85.57329816186598 71.89108938263155 396.193298161866 382.51108938263155 0.3249307950000002 0.3323647819999991 64.38008934
109 85.57329816186598 71.89108938263155 396.193298161866 382.51108938263155 0.23142813100000126 0.2967630280000009 65.038848185
110 85.57329816186598 71.89108938263155 396.193298161866 382.51108938263155 0.22609674200000995 0.3071531840000006 65.568403954
111 85.57329816186598 71.89108938263155 396.193298161866 382.51108938263155 0.22548174400000676 0.3013349820000002 66.103117911
112 85.57329816186598 71.89108938263155 396.193298161866 382.51108938263155 0.2737259370000089 0.30406197300000315 66.631289023
113 85.57329816186598 71.89108938263155 396.193298161866 382.51108938263155 0.23151485500000035 0.42082104200000003 67.210362392
114 85.57329816186598 71.89108938263155 396.193298161866 382.51108938263155 0.4358631029999884 3.0002747409999984 67.864121356
115 85.57329816186598 71.89108938263155 396.193298161866 382.51108938263155 0.459063695999987 0.5662247570000005 71.301619384
116 85.57329816186598 71.89108938263155 396.193298161866 382.51108938263155 0.4669999089999948 0.6339289120000018 72.328325189
117 85.57329816186598 71.89108938263155 396.193298161866 382.51108938263155 0.5095202130000018 1.313983381 73.430705904
118 85.57329816186598 71.89108938263155 396.193298161866 382.51108938263155 0.49141879100000097 0.7905922300000015 75.255811063
119 85.57329816186598 71.89108938263155 396.193298161866 382.51108938263155 0.7222682449999951 0.693370876000003 76.539256612
120 85.57329816186598 71.89108938263155 396.193298161866 382.51108938263155 0.7056564509999959 0.8460848619999979 77.95633045
121 85.57329816186598 71.89108938263155 396.193298161866 382.51108938263155 0.45458718499999407 2.500887382000002 79.509534506
122 85.57329816186598 71.89108938263155 396.193298161866 382.51108938263155 0.4792247320000058 0.7390436620000003 82.466461399
123 85.57329816186598 71.89108938263155 396.193298161866 382.51108938263155 0.48028825500000494 0.614720492999993 83.686283509
124 85.57329816186598 71.89108938263155 396.193298161866 382.51108938263155 0.7049599150000034 0.8557974209999912 84.78270307
125 85.57329816186598 71.89108938263155 396.193298161866 382.51108938263155 0.24113327700000298 0.9593296649999985 86.344927936
126 85.57329816186598 71.89108938263155 396.193298161866 382.51108938263155 0.22479041699999414 0.4514024359999951 87.546834278
127 85.57329816186598 71.89108938263155 396.193298161866 382.51108938263155 0.23337454099998922 0.29842520900000125 88.224421126
128 85.57329816186598 71.89108938263155 396.193298161866 382.51108938263155 0.491097240000002 0.6072110770000023 88.757758544
129 85.57329816186598 71.89108938263155 396.193298161866 382.51108938263155 0.7437818910000118 3.1913826569999912 89.857493664
130 85.57329816186598 71.89108938263155 396.193298161866 382.51108938263155 0.45066728300000136 0.771926006000001 93.794040382
131 85.57329816186598 71.89108938263155 396.193298161866 382.51108938263155 0.24602675399999896 0.32847450600000627 95.018122298
132 85.57329816186598 71.89108938263155 396.193298161866 382.51108938263155 0.29973102900000015 0.4056277789999996 95.594165478
133 85.57329816186598 71.89108938263155 396.193298161866 382.51108938263155 0.24572602900001073 0.4295903959999947 96.301418993
134 85.57329816186598 71.89108938263155 396.193298161866 382.51108938263155 0.3606153280000086 0.359757400999996 96.978157255
135 85.57329816186598 71.89108938263155 396.193298161866 382.51108938263155 0.4516176730000012 0.37054087999999297 97.699950935
136 85.57329816186598 71.89108938263155 396.193298161866 382.51108938263155 0.242936095999994 0.32533634899999697 98.523668774
137 85.57329816186598 71.89108938263155 396.193298161866 382.51108938263155 0.2432712779999946 0.4468211840000009 99.093298058
138 85.57329816186598 71.89108938263155 396.193298161866 382.51108938263155 0.4197294169999992 0.3654993430000104 99.784833928
139 85.57329816186598 71.89108938263155 396.193298161866 382.51108938263155 0.28043917499999793 0.35883470999999645 100.571659777
140 85.57329816186598 71.89108938263155 396.193298161866 382.51108938263155 0.5192187840000031 0.6133243989999926 101.21259504
141 85.57329816186598 71.89108938263155 396.193298161866 382.51108938263155 0.27474882100000286 0.4106852190000012 102.346717826
142 85.57329816186598 71.89108938263155 396.193298161866 382.51108938263155 0.3750345599999889 0.4027756170000032 103.03370938
143 85.57329816186598 71.89108938263155 396.193298161866 382.51108938263155 0.2675290910000001 0.5139294299999904 103.813061027
144 85.57329816186598 71.89108938263155 396.193298161866 382.51108938263155 0.26008910599999524 0.43110441399998933 104.596023814
145 85.57329816186598 71.89108938263155 396.193298161866 382.51108938263155 0.7150570200000033 2.6913803390000055 105.288707444
146 85.57329816186598 71.89108938263155 396.193298161866 382.51108938263155 0.7843667909999965 0.731947065 108.696631145
147 85.57329816186598 71.89108938263155 396.193298161866 382.51108938263155 0.5592803549999985 0.8002922189999992 110.214559255
148 85.57329816186598 71.89108938263155 396.193298161866 382.51108938263155 0.5692599709999939 0.8047257739999907 111.575566251
149 85.57329816186598 71.89108938263155 396.193298161866 382.51108938263155 0.5335656020000101 1.4636320920000117 112.951125515
150 85.57329816186598 71.89108938263155 396.193298161866 382.51108938263155 0.537278164 0.7291088719999976 114.94993832
