"function evaluation" "current f(x)" "best-so-far f(x)" "current af(x)+b" "best af(x)+b" acq_opt_time model_fit_time cum_iteration_time
1 227600.84217536787 227600.84217536787 226600.84217536787 226600.84217536787 None None None
2 310029.37685828045 227600.84217536787 309029.37685828045 226600.84217536787 None None None
3 4233.847507100569 4233.847507100569 3233.8475071005687 3233.8475071005687 0.12033843400000066 0.09140704800000066 0
4 2268.7500509715665 2268.7500509715665 1268.7500509715665 1268.7500509715665 0.16354812799999863 0.10269641000000007 8.523184655
5 833.5416551984029 833.5416551984029 -166.45834480159715 -166.45834480159715 0.15481496800000016 0.20786179500000124 8.793053699
6 4233.847507100569 833.5416551984029 3233.8475071005687 -166.45834480159715 0.09587440100000144 0.09167319099999993 9.157285581
7 4233.847507100569 833.5416551984029 3233.8475071005687 -166.45834480159715 0.07500304400000068 0.25514954700000025 9.34605145
8 4233.847507100569 833.5416551984029 3233.8475071005687 -166.45834480159715 0.2940713889999991 0.112017594000001 9.677626279
9 4233.847507100569 833.5416551984029 3233.8475071005687 -166.45834480159715 0.10019202400000005 0.2317279819999989 10.085419561
10 4233.847507100569 833.5416551984029 3233.8475071005687 -166.45834480159715 0.17129623399999971 0.3262260149999996 10.418649785
11 4233.847507100569 833.5416551984029 3233.8475071005687 -166.45834480159715 0.26453528800000115 0.1437456620000006 10.928605315
12 4233.847507100569 833.5416551984029 3233.8475071005687 -166.45834480159715 0.1993431740000009 0.14472464500000015 11.337870922
13 4233.847507100569 833.5416551984029 3233.8475071005687 -166.45834480159715 0.16596402599999927 0.1606517020000009 11.683071764
14 4233.847507100569 833.5416551984029 3233.8475071005687 -166.45834480159715 0.1925904299999992 0.1159070600000014 12.010904767
15 4233.847507100569 833.5416551984029 3233.8475071005687 -166.45834480159715 0.16356489100000005 0.22848087100000036 12.320823053
16 4233.847507100569 833.5416551984029 3233.8475071005687 -166.45834480159715 0.20630323199999978 0.33847745799999984 12.714231917
17 4233.847507100569 833.5416551984029 3233.8475071005687 -166.45834480159715 0.10490363299999927 0.0986416650000006 13.260030505
18 4233.847507100569 833.5416551984029 3233.8475071005687 -166.45834480159715 0.08918176500000108 0.1993447590000006 13.464827353
19 4233.847507100569 833.5416551984029 3233.8475071005687 -166.45834480159715 0.05888092200000017 0.11552505600000096 13.75466362
20 4233.847507100569 833.5416551984029 3233.8475071005687 -166.45834480159715 0.05843752000000002 0.11249699799999924 13.930172065
21 4233.847507100569 833.5416551984029 3233.8475071005687 -166.45834480159715 0.058816782000000956 0.11279190099999958 14.102260727
22 4233.847507100569 833.5416551984029 3233.8475071005687 -166.45834480159715 0.058061222999999273 0.11524586600000042 14.275234289
23 4233.847507100569 833.5416551984029 3233.8475071005687 -166.45834480159715 0.060571583999999845 0.11304359900000094 14.449588255
24 4233.847507100569 833.5416551984029 3233.8475071005687 -166.45834480159715 0.06468946099999862 0.11813467600000038 14.62437975
25 4233.847507100569 833.5416551984029 3233.8475071005687 -166.45834480159715 0.06558640699999962 0.12549546099999986 14.808283531
26 4233.847507100569 833.5416551984029 3233.8475071005687 -166.45834480159715 0.07742026799999913 0.7857934909999997 15.00045978
27 4233.847507100569 833.5416551984029 3233.8475071005687 -166.45834480159715 0.029582503000000315 0.23164254699999987 15.864908103
28 4233.847507100569 833.5416551984029 3233.8475071005687 -166.45834480159715 0.029764757999998892 0.058151020000000386 16.127467133
29 4233.847507100569 833.5416551984029 3233.8475071005687 -166.45834480159715 0.028820871000000636 0.05699722800000018 16.21655516
30 4233.847507100569 833.5416551984029 3233.8475071005687 -166.45834480159715 0.028819395999999387 0.05674137000000101 16.303599153
31 4233.847507100569 833.5416551984029 3233.8475071005687 -166.45834480159715 0.02876145999999835 0.056840800999999885 16.390235676
32 4233.847507100569 833.5416551984029 3233.8475071005687 -166.45834480159715 0.12275572999999795 4.087432281000002 16.476882547
33 4233.847507100569 833.5416551984029 3233.8475071005687 -166.45834480159715 0.27623162200000095 0.22493235499999997 20.746345711
34 4233.847507100569 833.5416551984029 3233.8475071005687 -166.45834480159715 0.10748283600000264 0.28162278799999996 21.249042332
35 4233.847507100569 833.5416551984029 3233.8475071005687 -166.45834480159715 0.093578873000002 0.24777516300000002 21.642667523
36 4233.847507100569 833.5416551984029 3233.8475071005687 -166.45834480159715 0.09270129799999793 0.18309049699999846 21.985435587
37 4233.847507100569 833.5416551984029 3233.8475071005687 -166.45834480159715 0.09437366599999919 0.1816457619999987 22.262336033
38 4233.847507100569 833.5416551984029 3233.8475071005687 -166.45834480159715 0.12736359299999833 0.1829580189999973 22.539419819
39 4233.847507100569 833.5416551984029 3233.8475071005687 -166.45834480159715 0.05205809699999975 0.4534639079999998 22.850933177
40 4233.847507100569 833.5416551984029 3233.8475071005687 -166.45834480159715 0.09096792900000139 0.17162967200000168 23.357274196
41 4233.847507100569 833.5416551984029 3233.8475071005687 -166.45834480159715 0.0978022679999988 0.1866618609999975 23.621062677
42 4233.847507100569 833.5416551984029 3233.8475071005687 -166.45834480159715 0.09618856300000189 0.18876350300000055 23.906733118
43 4233.847507100569 833.5416551984029 3233.8475071005687 -166.45834480159715 0.09970994300000058 0.18670409899999996 24.19283127
44 4233.847507100569 833.5416551984029 3233.8475071005687 -166.45834480159715 0.37294887399999865 0.9739058380000003 24.480370537
45 4233.847507100569 833.5416551984029 3233.8475071005687 -166.45834480159715 0.1868084930000009 0.23297275400000217 25.828276401
46 4233.847507100569 833.5416551984029 3233.8475071005687 -166.45834480159715 0.029350697000001702 0.05993232600000198 26.251318576
47 4233.847507100569 833.5416551984029 3233.8475071005687 -166.45834480159715 0.029122312000001926 0.06016123599999901 26.341819159
48 4233.847507100569 833.5416551984029 3233.8475071005687 -166.45834480159715 0.022912936000000883 2.233204213999997 26.432386633
49 4233.847507100569 833.5416551984029 3233.8475071005687 -166.45834480159715 0.04491640700000232 0.25422380700000247 28.6894169
50 4233.847507100569 833.5416551984029 3233.8475071005687 -166.45834480159715 0.16345085700000084 0.5501542290000003 28.989339063
51 4233.847507100569 833.5416551984029 3233.8475071005687 -166.45834480159715 0.12247927800000014 1.0378200480000004 29.705858115
52 4233.847507100569 833.5416551984029 3233.8475071005687 -166.45834480159715 0.052386337999998034 0.312246849000001 30.86891761
53 4233.847507100569 833.5416551984029 3233.8475071005687 -166.45834480159715 0.19164420099999546 1.238259291000002 31.234883358
54 4233.847507100569 833.5416551984029 3233.8475071005687 -166.45834480159715 0.029805387999999766 0.07666190499999459 32.666247621
55 4233.847507100569 833.5416551984029 3233.8475071005687 -166.45834480159715 0.029085587999993834 0.061950619999997514 32.774025388
56 4233.847507100569 833.5416551984029 3233.8475071005687 -166.45834480159715 0.028979950999996618 0.06031788800000015 32.86618292
57 4233.847507100569 833.5416551984029 3233.8475071005687 -166.45834480159715 0.029351636000001236 0.06074305699999627 32.956646871
58 833.5416551984029 833.5416551984029 -166.45834480159715 -166.45834480159715 0.04045400500000085 0.060696841999998696 33.047802215
59 4233.847507100569 833.5416551984029 3233.8475071005687 -166.45834480159715 0.029485721999996883 0.06098218900000063 33.150059923
60 4233.847507100569 833.5416551984029 3233.8475071005687 -166.45834480159715 0.029025276999995242 0.06137027000000472 33.241859845
61 4233.847507100569 833.5416551984029 3233.8475071005687 -166.45834480159715 0.029613958999995305 0.06033701500000177 33.333483698
62 4233.847507100569 833.5416551984029 3233.8475071005687 -166.45834480159715 0.029575469999997495 0.060889686000002996 33.4245828
63 4233.847507100569 833.5416551984029 3233.8475071005687 -166.45834480159715 0.03159007200000019 0.06136280799999838 33.516081273
64 4233.847507100569 833.5416551984029 3233.8475071005687 -166.45834480159715 0.03001142300000481 0.061783421999997756 33.61033261
65 4233.847507100569 833.5416551984029 3233.8475071005687 -166.45834480159715 0.03118498799999969 0.06553729899999894 33.703408453
66 4233.847507100569 833.5416551984029 3233.8475071005687 -166.45834480159715 0.031120401999999103 0.06490972900000003 33.801235681
67 4233.847507100569 833.5416551984029 3233.8475071005687 -166.45834480159715 0.03138230300000089 0.06679326800000496 33.898467981
68 4233.847507100569 833.5416551984029 3233.8475071005687 -166.45834480159715 0.03184925200000066 0.06656613799999889 33.997729527
69 4233.847507100569 833.5416551984029 3233.8475071005687 -166.45834480159715 0.031367969999998024 0.06759671999999739 34.097214127
70 4233.847507100569 833.5416551984029 3233.8475071005687 -166.45834480159715 0.03160138500000187 0.06737558199999683 34.197305378
