"function evaluation" "current f(x)" "best-so-far f(x)" "current af(x)+b" "best af(x)+b" acq_opt_time model_fit_time cum_iteration_time
1 902.0178763310088 902.0178763310088 857.2478763310088 857.2478763310088 None None None
2 550.0519783736386 550.0519783736386 505.2819783736386 505.2819783736386 None None None
3 739.9607955579538 550.0519783736386 695.1907955579538 505.2819783736386 None None None
4 336.79899175389323 336.79899175389323 292.02899175389325 292.02899175389325 None None None
5 678.4370592224182 336.79899175389323 633.6670592224182 292.02899175389325 None None None
6 720.9759771354467 336.79899175389323 676.2059771354467 292.02899175389325 None None None
7 577.9229471791677 336.79899175389323 533.1529471791678 292.02899175389325 None None None
8 887.9284378241898 336.79899175389323 843.1584378241898 292.02899175389325 None None None
9 319.9512740363632 319.9512740363632 275.1812740363632 275.1812740363632 None None None
10 888.4510331425311 319.9512740363632 843.6810331425311 275.1812740363632 None None None
11 2743.6149082756447 319.9512740363632 2698.8449082756447 275.1812740363632 0.21154164100000017 0.3382851640000002 0
12 4314.281588332338 319.9512740363632 4269.511588332338 275.1812740363632 0.20880591199999987 0.3456945770000006 5.315700463
13 7032.491221061729 319.9512740363632 6987.721221061729 275.1812740363632 0.22529342599999946 0.3983705239999997 5.872035435
14 877.9856426419177 319.9512740363632 833.2156426419177 275.1812740363632 0.3630789600000002 0.4664008500000003 6.498272831
15 1210.4736058028827 319.9512740363632 1165.7036058028827 275.1812740363632 0.3516860529999999 0.4809254430000003 7.330105436
16 1992.8399753730707 319.9512740363632 1948.0699753730707 275.1812740363632 0.2665491969999998 0.4493620670000009 8.164990431
17 1029.7224461286712 319.9512740363632 984.9524461286712 275.1812740363632 0.45985809299999936 0.5174519409999991 8.883091111
18 948.5892456636416 319.9512740363632 903.8192456636416 275.1812740363632 0.4749656860000009 0.9247886220000012 9.863067003
19 1261.816621488641 319.9512740363632 1217.046621488641 275.1812740363632 0.3365487510000005 0.5166952679999994 11.265232219
20 1376.5311102831843 319.9512740363632 1331.7611102831843 275.1812740363632 0.25306048500000067 0.4392249849999992 12.120953224
21 2006.5726059340618 319.9512740363632 1961.8026059340618 275.1812740363632 0.35219557499999965 0.5058560199999995 12.815854566
22 1028.2621956793087 319.9512740363632 983.4921956793087 275.1812740363632 0.2918092029999997 0.45022886200000123 13.676290689
23 385.9957094795859 319.9512740363632 341.22570947958593 275.1812740363632 0.3716755480000007 0.5323564219999994 14.421027196
24 453.0689896759896 319.9512740363632 408.2989896759896 275.1812740363632 0.46246165300000186 0.8864896719999997 15.327298758
25 585.4150063886217 319.9512740363632 540.6450063886217 275.1812740363632 0.4309500970000002 0.9729417439999999 16.678777823
26 671.5786554662185 319.9512740363632 626.8086554662185 275.1812740363632 0.37008581199999924 1.0697468849999971 18.086137988
27 479.55999029666623 319.9512740363632 434.78999029666625 275.1812740363632 0.36941043399999884 0.6438216140000002 19.528609795
28 716.4394347109951 319.9512740363632 671.6694347109951 275.1812740363632 0.30065197899999774 0.5022334730000004 20.544184272
29 577.2269057844801 319.9512740363632 532.4569057844801 275.1812740363632 0.5351091429999997 0.48493384899999725 21.349434527
30 992.8806779573777 319.9512740363632 948.1106779573777 275.1812740363632 0.4154520549999994 1.0624211869999982 22.372137713
31 633.2049040751633 319.9512740363632 588.4349040751633 275.1812740363632 0.26706001399999835 0.4917047599999975 23.852443794
32 1538.952202349175 319.9512740363632 1494.182202349175 275.1812740363632 0.2810091949999993 0.4630812870000014 24.613924096
33 883.9973969277737 319.9512740363632 839.2273969277737 275.1812740363632 0.36405885599999976 0.5307219580000009 25.360707975
34 814.0136708332006 319.9512740363632 769.2436708332007 275.1812740363632 0.2583212709999998 0.45079265000000035 26.258070857
35 871.058441817304 319.9512740363632 826.288441817304 275.1812740363632 0.2567181670000025 0.45226658099999995 26.969484318
36 900.1092563125529 319.9512740363632 855.339256312553 275.1812740363632 0.5339455300000004 0.5438967619999993 27.680797696
37 663.9884888879119 319.9512740363632 619.2184888879119 275.1812740363632 0.2843150940000001 0.5173324159999986 28.761776669
38 1354.0807245269352 319.9512740363632 1309.3107245269352 275.1812740363632 0.3739549920000016 0.5312932950000011 29.565977724
39 647.3164993451887 319.9512740363632 602.5464993451887 275.1812740363632 0.3758065669999979 0.491802112000002 30.473447631
40 1012.1012997382281 319.9512740363632 967.3312997382282 275.1812740363632 0.2738509469999997 0.46122186999999926 31.343751182
41 815.0134864143547 319.9512740363632 770.2434864143547 275.1812740363632 0.27069743500000243 0.47671657199999373 32.081218294
42 310.693020267472 310.693020267472 265.923020267472 265.923020267472 0.764996902 0.7256425279999945 32.830917139
43 755.8728304815977 310.693020267472 711.1028304815977 265.923020267472 0.4858774829999959 1.618970118 34.324406523
44 361.4722983989732 310.693020267472 316.7022983989732 265.923020267472 0.7084930720000031 0.9884732029999981 36.432544045
45 661.4711427316552 310.693020267472 616.7011427316552 265.923020267472 0.24852724000000137 0.5342879809999985 38.132112797
46 1222.6241021178746 310.693020267472 1177.8541021178746 265.923020267472 0.5569932399999971 0.5177161300000037 38.917544222
47 1084.5034646033876 310.693020267472 1039.7334646033876 265.923020267472 0.5320152070000006 0.5512443659999988 39.994550125
48 420.3074640261086 310.693020267472 375.53746402610864 265.923020267472 0.34302613900000267 0.8404533340000029 41.080731248
49 415.9795374229841 310.693020267472 371.2095374229841 265.923020267472 0.25724836800000617 0.48095777199999645 42.266500846
50 349.4065702004523 310.693020267472 304.6365702004523 265.923020267472 0.37789552499999957 0.5477121519999955 43.006878513
51 416.4175610829718 310.693020267472 371.64756108297183 265.923020267472 0.35859094700000327 0.5493851510000027 43.935159636
52 1260.255734866545 310.693020267472 1215.485734866545 265.923020267472 0.6307226830000019 0.4867882229999978 44.845851694
53 449.694560877119 310.693020267472 404.924560877119 265.923020267472 0.26094482900000315 0.5471405589999989 45.966277698
54 357.3350134010077 310.693020267472 312.5650134010077 265.923020267472 0.3806210489999984 0.5298000769999973 46.776678756
55 523.1351906105263 310.693020267472 478.36519061052627 265.923020267472 0.25070345600000365 0.5537125070000002 47.690011227
56 293.52649229604606 293.52649229604606 248.75649229604605 248.75649229604605 0.7495044870000029 0.47637214799999583 48.496887428
57 203.65500457218366 203.65500457218366 158.88500457218365 158.88500457218365 0.25399805200000003 2.0364060120000005 49.72535535
58 270.0774236837417 203.65500457218366 225.3074236837417 158.88500457218365 0.27254921100000473 0.48901316300000275 52.018206153
59 599.0452479621948 203.65500457218366 554.2752479621948 158.88500457218365 0.3589410279999967 0.5846104190000005 52.78204417
60 635.395385253855 203.65500457218366 590.625385253855 158.88500457218365 0.38499462800000117 0.5490692410000051 53.7285974
61 369.6305364260601 203.65500457218366 324.8605364260601 158.88500457218365 0.26251716799999514 0.5070426170000033 54.66544164
62 304.3657675707651 203.65500457218366 259.59576757076513 158.88500457218365 0.3986626999999956 0.5486116960000018 55.437517499
63 996.1762298216407 203.65500457218366 951.4062298216407 158.88500457218365 0.3588411379999954 0.5173906280000011 56.387291163
64 1264.6805559256331 203.65500457218366 1219.9105559256332 158.88500457218365 0.38711926300000243 0.7248143400000018 57.266295758
65 1170.279657433141 203.65500457218366 1125.509657433141 158.88500457218365 0.38230777599999755 0.5773408619999998 58.380919734
66 1013.4749022344566 203.65500457218366 968.7049022344567 158.88500457218365 0.27569852000000594 0.5217538570000002 59.343076064
67 581.2358587987728 203.65500457218366 536.4658587987728 158.88500457218365 0.2711457930000023 0.5173693569999998 60.142899066
68 326.5079243059899 203.65500457218366 281.7379243059899 158.88500457218365 0.27525281500000176 0.5475689380000048 60.933792584
69 753.0033405084189 203.65500457218366 708.2333405084189 158.88500457218365 0.2692458209999984 0.5236015250000037 61.758983401
70 626.4015011430029 203.65500457218366 581.6315011430029 158.88500457218365 0.6103807349999997 0.5044083619999995 62.554364407
71 310.61294860653345 203.65500457218366 265.84294860653347 158.88500457218365 0.27535577300000114 1.506622721999996 63.671471345
72 582.9241340372303 203.65500457218366 538.1541340372303 158.88500457218365 0.36710413499999106 0.5790315899999996 65.455727561
73 468.59567813430755 203.65500457218366 423.82567813430757 158.88500457218365 0.2820632560000007 0.5323118230000006 66.404394424
74 455.77121759210314 203.65500457218366 411.00121759210316 158.88500457218365 0.3507536259999995 0.6048406790000058 67.221358924
75 343.8973832196283 203.65500457218366 299.1273832196283 158.88500457218365 0.4283302030000016 0.5546752900000058 68.179379252
76 514.5984369397924 203.65500457218366 469.82843693979237 158.88500457218365 0.269633908000003 0.5572709719999978 69.165540875
77 541.8177012785817 203.65500457218366 497.0477012785817 158.88500457218365 0.2653250850000006 0.5144199270000058 69.994739881
78 451.3716126505515 203.65500457218366 406.60161265055154 158.88500457218365 0.2624305350000071 0.5195009499999941 70.776896348
79 670.0503362659732 203.65500457218366 625.2803362659732 158.88500457218365 0.34627509500000997 0.5516944009999918 71.561440948
80 240.1781584008237 203.65500457218366 195.40815840082368 158.88500457218365 0.259998429999996 0.5099786689999917 72.461575621
81 330.299586446479 203.65500457218366 285.529586446479 158.88500457218365 0.3651493670000008 0.7130834209999932 73.233792897
82 616.0247089821307 203.65500457218366 571.2547089821308 158.88500457218365 0.375648635999994 0.5809230019999916 74.314840588
83 625.7924847809071 203.65500457218366 581.0224847809071 158.88500457218365 0.4080018890000048 0.6428967169999993 75.27442513
84 701.1534235944414 203.65500457218366 656.3834235944414 158.88500457218365 0.37720204699999726 0.5417517859999919 76.327616284
85 679.6744820811147 203.65500457218366 634.9044820811147 158.88500457218365 0.3821912620000063 0.7487222269999876 77.249670149
86 866.7479108442939 203.65500457218366 821.9779108442939 158.88500457218365 0.5939840109999892 0.5771545180000004 78.383528228
87 746.3888912069771 203.65500457218366 701.6188912069771 158.88500457218365 0.6481544699999944 1.9292601200000092 79.557040816
88 401.56747316795725 203.65500457218366 356.79747316795726 158.88500457218365 0.38536902900000314 0.6150895180000049 82.136782123
89 378.85137645133216 203.65500457218366 334.0813764513322 158.88500457218365 0.3940068049999894 0.6112145620000007 83.140341725
90 1071.4150740715731 203.65500457218366 1026.6450740715732 158.88500457218365 0.36656680800000174 0.750444446000003 84.147886032
91 668.5543980902053 203.65500457218366 623.7843980902053 158.88500457218365 0.4813221539999972 0.5688093640000034 85.267294311
92 539.7973219489878 203.65500457218366 495.02732194898783 158.88500457218365 0.47219177099999854 0.7280544219999996 86.32048659
93 355.8241779567924 203.65500457218366 311.05417795679244 158.88500457218365 0.7731295950000003 1.680541231999996 87.523183756
94 214.9566409635141 203.65500457218366 170.1866409635141 158.88500457218365 0.4056142620000003 0.7018898080000042 89.979124606
95 1063.223900628053 203.65500457218366 1018.4539006280529 158.88500457218365 0.5459921900000069 0.6853155489999949 91.089226765
96 398.9404693846522 203.65500457218366 354.1704693846522 158.88500457218365 0.6145670079999945 1.3915718399999975 92.323513152
97 271.9599165680521 203.65500457218366 227.1899165680521 158.88500457218365 0.2909652250000079 0.7081017430000003 94.331639284
98 380.9075696456003 203.65500457218366 336.1375696456003 158.88500457218365 0.3814198729999987 0.6756672949999967 95.333136148
99 613.0512428862858 203.65500457218366 568.2812428862858 158.88500457218365 0.38657447999999306 0.6248126059999919 96.393221115
100 365.863845231259 203.65500457218366 321.093845231259 158.88500457218365 0.3581077789999938 0.6049008340000057 97.407385083
101 535.5477299583206 203.65500457218366 490.7777299583206 158.88500457218365 0.26452147000000537 0.5558063910000044 98.372998484
102 184.66572706969896 184.66572706969896 139.89572706969895 139.89572706969895 0.26791649999999834 0.55179957 99.195625111
103 329.0979926806913 184.66572706969896 284.3279926806913 139.89572706969895 1.0860139910000015 0.6798113389999969 100.018017145
104 316.2380879665752 184.66572706969896 271.46808796657524 139.89572706969895 0.24892228299999886 0.9783330520000106 101.786215488
105 882.1374012270104 184.66572706969896 837.3674012270104 139.89572706969895 0.26474895800001264 0.5557277939999921 103.016118241
106 654.3625201839332 184.66572706969896 609.5925201839332 139.89572706969895 0.5437570400000027 0.5815130710000034 103.839235638
107 580.6933207413375 184.66572706969896 535.9233207413375 139.89572706969895 0.6089386989999923 1.853762383000003 104.967189916
108 221.90623039532113 184.66572706969896 177.13623039532112 139.89572706969895 0.2616185020000046 0.5606411649999927 107.432326724
109 820.7870031164052 184.66572706969896 776.0170031164052 139.89572706969895 0.3618404940000062 0.608401151999999 108.256948014
110 425.9651325047505 184.66572706969896 381.1951325047505 139.89572706969895 0.3721602900000107 0.638366082999994 109.229595553
111 226.05720941542262 184.66572706969896 181.2872094154226 139.89572706969895 0.37535968100000616 0.6099707860000052 110.242703836
112 529.454153122233 184.66572706969896 484.68415312223306 139.89572706969895 0.3597472379999971 0.806347063000004 111.231020711
113 297.3702565901377 184.66572706969896 252.60025659013772 139.89572706969895 0.282731456999997 0.5693569959999962 112.399658311
114 353.2341133998413 184.66572706969896 308.4641133998413 139.89572706969895 0.2807015280000087 0.6059306160000091 113.254600558
115 500.9544219174809 184.66572706969896 456.1844219174809 139.89572706969895 0.38520429900000863 0.6691711109999972 114.143637133
116 362.0299026391241 184.66572706969896 317.2599026391241 139.89572706969895 0.2672861080000075 0.605160503999997 115.200449437
117 514.8418390971019 184.66572706969896 470.07183909710193 139.89572706969895 0.3648269830000004 0.7436964660000029 116.075663114
118 704.7697115372985 184.66572706969896 659.9997115372985 139.89572706969895 0.4536503479999965 1.599579134999999 117.186720756
119 362.9067461437705 184.66572706969896 318.1367461437705 139.89572706969895 0.3052605359999916 0.6152373789999928 119.24272985
120 380.62723486696314 184.66572706969896 335.85723486696315 139.89572706969895 0.40263469799999996 0.777970879999998 120.16944973
121 437.69659316945024 184.66572706969896 392.92659316945026 139.89572706969895 0.43449307299999873 1.113529322000005 121.352506028
122 650.9669828710624 184.66572706969896 606.1969828710625 139.89572706969895 0.26710460900000044 0.8016010740000041 122.902633518
123 260.5034291763903 184.66572706969896 215.73342917639027 139.89572706969895 0.2660779120000001 0.7169133649999964 123.973650183
124 364.1839817039379 184.66572706969896 319.4139817039379 139.89572706969895 0.277144020999998 0.6270478459999964 124.959029292
125 663.0265977796437 184.66572706969896 618.2565977796437 139.89572706969895 0.273165187999993 0.5949143950000035 125.865606327
126 705.5600780154114 184.66572706969896 660.7900780154114 139.89572706969895 0.4031994449999843 2.1901869130000193 126.73605177
127 450.04357478158806 184.66572706969896 405.2735747815881 139.89572706969895 0.3618873409999992 0.6995005240000012 129.331676176
128 847.1105688500924 184.66572706969896 802.3405688500924 139.89572706969895 0.2570856969999795 0.5834572870000159 130.395363078
129 609.5654394155225 184.66572706969896 564.7954394155225 139.89572706969895 0.267905614 0.587352358000004 131.238225319
130 380.7458442676432 184.66572706969896 335.9758442676432 139.89572706969895 0.3439893569999981 0.7039000830000077 132.095796037
131 278.5349595200155 184.66572706969896 233.76495952001548 139.89572706969895 0.29982824300000743 0.6787485250000032 133.146494012
132 1000.3342122041867 184.66572706969896 955.5642122041867 139.89572706969895 0.36223654699998065 5.923086003999998 134.127585014
133 222.7152447217835 184.66572706969896 177.9452447217835 139.89572706969895 0.26508410100001356 0.6207950259999961 140.41935367
134 189.71337474715642 184.66572706969896 144.9433747471564 139.89572706969895 0.4577970969999967 0.8242598500000042 141.307639135
135 378.2946696251498 184.66572706969896 333.52466962514984 139.89572706969895 0.44337216200000285 1.1749571759999924 142.592887581
136 290.50081386482753 184.66572706969896 245.73081386482752 139.89572706969895 0.331967542000001 0.7245605070000067 144.214637239
137 167.37326395653912 167.37326395653912 122.60326395653911 122.60326395653911 0.5417551009999784 0.729083007999975 145.273729888
138 409.22585192832094 167.37326395653912 364.45585192832095 122.60326395653911 0.5220778640000105 0.9810577700000067 146.547512975
139 502.7926580772269 167.37326395653912 458.02265807722694 122.60326395653911 0.4200940540000033 0.7162925240000106 148.053053357
140 288.5660405183387 167.37326395653912 243.79604051833869 122.60326395653911 0.2752084299999922 0.8132957329999897 149.192424386
141 331.3217644058319 167.37326395653912 286.55176440583193 122.60326395653911 0.40802880000001096 0.7198517289999984 150.283250191
142 690.8835692388442 167.37326395653912 646.1135692388442 122.60326395653911 0.2950900169999784 0.6840173740000068 151.413844879
143 346.1318790964845 167.37326395653912 301.36187909648453 122.60326395653911 0.39591160599999853 1.0215478359999963 152.395458497
144 262.8809177498208 167.37326395653912 218.1109177498208 122.60326395653911 0.3881970200000069 0.7564058239999838 153.816040414
145 872.0405455753678 167.37326395653912 827.2705455753678 122.60326395653911 0.2918351389999998 0.6735330299999873 154.96328662
146 472.9753523851082 167.37326395653912 428.2053523851082 122.60326395653911 0.2845137010000087 0.670928822999997 155.931138013
147 500.29703814582336 167.37326395653912 455.5270381458234 122.60326395653911 0.6757493370000134 0.7566215090000128 156.889014688
148 356.25677453530756 167.37326395653912 311.4867745353076 122.60326395653911 0.4635143360000029 1.3775063460000183 158.323632495
149 428.3238460046792 167.37326395653912 383.5538460046792 122.60326395653911 0.45616013899999075 1.4340078790000064 160.166847054
150 294.11331446877284 167.37326395653912 249.34331446877283 122.60326395653911 0.3199690249999776 1.5429018479999854 162.059309595
