"function evaluation" "current f(x)" "best-so-far f(x)" "current af(x)+b" "best af(x)+b" acq_opt_time model_fit_time cum_iteration_time
1 448.30769402981764 448.30769402981764 -551.6923059701824 -551.6923059701824 None None None
2 408991.75433316466 448.30769402981764 407991.75433316466 -551.6923059701824 None None None
3 341.8464755013821 341.8464755013821 -658.1535244986179 -658.1535244986179 0.02958504400000006 0.03136819399999968 0
4 367.11048965108034 341.8464755013821 -632.8895103489197 -658.1535244986179 0.027181770000000327 0.07203292499999936 5.038598421
5 341.8464755013821 341.8464755013821 -658.1535244986179 -658.1535244986179 0.0320463610000008 0.07521543300000033 5.139179629
6 440.7157138213739 341.8464755013821 -559.2842861786261 -658.1535244986179 0.035002898000000116 0.07985974500000026 5.247851461
7 412.9923896883597 341.8464755013821 -587.0076103116403 -658.1535244986179 0.03873815100000044 0.08084283600000042 5.364115284
8 341.8464755013821 341.8464755013821 -658.1535244986179 -658.1535244986179 0.11727907399999982 0.08157512000000011 5.485654454
9 341.8464755013821 341.8464755013821 -658.1535244986179 -658.1535244986179 0.09428030700000001 0.09147541699999984 5.686422501
10 341.8464755013821 341.8464755013821 -658.1535244986179 -658.1535244986179 0.034062716000000215 0.08521054400000061 5.874161869
11 367.11048965108034 341.8464755013821 -632.8895103489197 -658.1535244986179 0.03258618699999971 0.08541004399999963 5.995557465
12 367.11048965108034 341.8464755013821 -632.8895103489197 -658.1535244986179 0.032853118000000237 0.08347089300000032 6.115585994
13 367.11048965108034 341.8464755013821 -632.8895103489197 -658.1535244986179 0.034083551000000156 0.08418464200000031 6.233371327
14 341.8464755013821 341.8464755013821 -658.1535244986179 -658.1535244986179 0.03432117000000012 0.08765456099999991 6.353131358
15 440.7157138213739 341.8464755013821 -559.2842861786261 -658.1535244986179 0.03443391799999951 0.08735033999999953 6.476598027
16 341.8464755013821 341.8464755013821 -658.1535244986179 -658.1535244986179 0.03607772400000009 0.09043829199999998 6.599910668
17 367.11048965108034 341.8464755013821 -632.8895103489197 -658.1535244986179 0.16164199199999985 0.2640957039999998 6.72829954
18 367.11048965108034 341.8464755013821 -632.8895103489197 -658.1535244986179 0.10679912400000013 0.25661640299999977 7.156226662
19 367.11048965108034 341.8464755013821 -632.8895103489197 -658.1535244986179 0.07358313900000013 0.31969380200000064 7.52257275
20 341.8464755013821 341.8464755013821 -658.1535244986179 -658.1535244986179 0.07764721700000088 0.2098250179999992 7.917773502
21 440.7157138213739 341.8464755013821 -559.2842861786261 -658.1535244986179 0.07450986300000118 0.20440244000000085 8.207287835
22 341.8464755013821 341.8464755013821 -658.1535244986179 -658.1535244986179 0.07890949600000141 0.20418617900000058 8.48799911
23 440.7157138213739 341.8464755013821 -559.2842861786261 -658.1535244986179 0.07946298300000088 0.2155475839999994 8.773052791
24 341.8464755013821 341.8464755013821 -658.1535244986179 -658.1535244986179 0.08624112599999911 0.21280010599999954 9.0698998
25 341.8464755013821 341.8464755013821 -658.1535244986179 -658.1535244986179 0.0786472749999998 0.2175496550000009 9.371342586
26 341.8464755013821 341.8464755013821 -658.1535244986179 -658.1535244986179 0.07864345099999959 0.22381532999999898 9.66945425
27 440.7157138213739 341.8464755013821 -559.2842861786261 -658.1535244986179 0.0769910300000003 0.2522064680000007 9.97434878
28 367.11048965108034 341.8464755013821 -632.8895103489197 -658.1535244986179 0.0775744490000001 0.2148380319999994 10.305935483
29 341.8464755013821 341.8464755013821 -658.1535244986179 -658.1535244986179 0.077321156 0.2199395380000002 10.600268077
30 440.7157138213739 341.8464755013821 -559.2842861786261 -658.1535244986179 0.07836338100000084 0.22055477199999984 10.899775131
31 367.11048965108034 341.8464755013821 -632.8895103489197 -658.1535244986179 0.08995122199999983 0.2248167049999985 11.201094897
32 367.11048965108034 341.8464755013821 -632.8895103489197 -658.1535244986179 0.041956326999999405 1.0614489979999995 11.518207009
33 367.11048965108034 341.8464755013821 -632.8895103489197 -658.1535244986179 0.04234338899999912 0.11147379199999996 12.624200127
34 367.11048965108034 341.8464755013821 -632.8895103489197 -658.1535244986179 0.06062449100000045 0.12457751799999883 12.779950472
35 341.8464755013821 341.8464755013821 -658.1535244986179 -658.1535244986179 0.06080950199999968 0.1598440880000016 12.967884334
36 341.8464755013821 341.8464755013821 -658.1535244986179 -658.1535244986179 0.062218290000000565 0.15817694200000076 13.19184988
37 440.7157138213739 341.8464755013821 -559.2842861786261 -658.1535244986179 0.06129987999999997 0.1568232769999991 13.415314157
38 412.9923896883597 341.8464755013821 -587.0076103116403 -658.1535244986179 0.06176433599999953 0.16148050400000002 13.636156574
39 440.7157138213739 341.8464755013821 -559.2842861786261 -658.1535244986179 0.05794543900000093 0.15041324200000084 13.861852666
40 440.7157138213739 341.8464755013821 -559.2842861786261 -658.1535244986179 0.057476232999999155 0.1736706090000002 14.072550726
41 412.9923896883597 341.8464755013821 -587.0076103116403 -658.1535244986179 0.058049968999998924 0.15291370099999924 14.306071168
42 367.11048965108034 341.8464755013821 -632.8895103489197 -658.1535244986179 0.03988221800000069 0.11767350700000101 14.519504625
43 341.8464755013821 341.8464755013821 -658.1535244986179 -658.1535244986179 0.039093661999999085 0.10615182900000164 14.679297112
44 412.9923896883597 341.8464755013821 -587.0076103116403 -658.1535244986179 0.04076350599999934 0.10640992000000082 14.82673223
45 341.8464755013821 341.8464755013821 -658.1535244986179 -658.1535244986179 0.039530476999999564 0.10767642399999922 14.975676938
46 412.9923896883597 341.8464755013821 -587.0076103116403 -658.1535244986179 0.04115894799999964 0.10747934800000003 15.124866561
47 367.11048965108034 341.8464755013821 -632.8895103489197 -658.1535244986179 0.041828425999998586 0.11546671400000008 15.275480831
48 440.7157138213739 341.8464755013821 -559.2842861786261 -658.1535244986179 0.04255040800000032 0.11262954100000044 15.434945883
49 341.8464755013821 341.8464755013821 -658.1535244986179 -658.1535244986179 0.049402264999999446 0.11507037700000033 15.592033693
50 367.11048965108034 341.8464755013821 -632.8895103489197 -658.1535244986179 0.04283227200000006 0.12333129800000009 15.759484321
51 440.7157138213739 341.8464755013821 -559.2842861786261 -658.1535244986179 0.042699146000000354 0.11552863000000002 15.928142994
52 367.11048965108034 341.8464755013821 -632.8895103489197 -658.1535244986179 0.04258226700000023 0.1162837560000014 16.088307373
53 440.7157138213739 341.8464755013821 -559.2842861786261 -658.1535244986179 0.04286013500000152 0.11710567000000083 16.24908566
54 367.11048965108034 341.8464755013821 -632.8895103489197 -658.1535244986179 0.0427629319999987 0.11786028499999901 16.410919105
55 412.9923896883597 341.8464755013821 -587.0076103116403 -658.1535244986179 0.042935810999999546 0.11581879600000278 16.573430206
56 367.11048965108034 341.8464755013821 -632.8895103489197 -658.1535244986179 0.04212935700000031 0.11722015599999835 16.734494727
57 367.11048965108034 341.8464755013821 -632.8895103489197 -658.1535244986179 0.05229884699999943 0.11908470600000243 16.895937523
58 412.9923896883597 341.8464755013821 -587.0076103116403 -658.1535244986179 0.04535802699999891 0.11901469700000078 17.069476644
59 341.8464755013821 341.8464755013821 -658.1535244986179 -658.1535244986179 0.04407190900000302 0.1215327859999995 17.235852177
60 440.7157138213739 341.8464755013821 -559.2842861786261 -658.1535244986179 0.042686028999998626 0.11955652199999989 17.4034723
61 367.11048965108034 341.8464755013821 -632.8895103489197 -658.1535244986179 0.04522418299999842 1.1571458569999997 17.567655444
62 412.9923896883597 341.8464755013821 -587.0076103116403 -658.1535244986179 0.07526510499999972 4.351201648 18.772803559
63 367.11048965108034 341.8464755013821 -632.8895103489197 -658.1535244986179 0.08223067400000161 0.22483716500000028 23.201435448
64 341.8464755013821 341.8464755013821 -658.1535244986179 -658.1535244986179 0.07741737200000287 0.22059667499999946 23.510707586
65 412.9923896883597 341.8464755013821 -587.0076103116403 -658.1535244986179 0.07622671400000058 0.2234409450000001 23.810608054
66 440.7157138213739 341.8464755013821 -559.2842861786261 -658.1535244986179 0.1121987159999982 0.24979975499999796 24.112141724
67 367.11048965108034 341.8464755013821 -632.8895103489197 -658.1535244986179 0.1135558440000004 0.33861346999999853 24.476725882
68 412.9923896883597 341.8464755013821 -587.0076103116403 -658.1535244986179 0.08245208899999668 0.3418997589999968 24.931762838
69 367.11048965108034 341.8464755013821 -632.8895103489197 -658.1535244986179 0.08248422099999786 0.24541286999999912 25.358232561
70 440.7157138213739 341.8464755013821 -559.2842861786261 -658.1535244986179 0.08138177300000038 0.24857001299999837 25.688513363
