"function evaluation" "current f(x)" "best-so-far f(x)" "current af(x)+b" "best af(x)+b" acq_opt_time model_fit_time cum_iteration_time
1 108.65265785963517 108.65265785963517 188.13265785963517 188.13265785963517 None None None
2 172.83285586873382 108.65265785963517 252.31285586873383 188.13265785963517 None None None
3 120.78059660113333 108.65265785963517 200.26059660113333 188.13265785963517 None None None
4 79.62958466473403 79.62958466473403 159.10958466473403 159.10958466473403 None None None
5 70.2122171587658 70.2122171587658 149.6922171587658 149.6922171587658 None None None
6 187.67222274409983 70.2122171587658 267.15222274409984 149.6922171587658 None None None
7 64.4409650530048 64.4409650530048 143.9209650530048 143.9209650530048 None None None
8 136.5983071547119 64.4409650530048 216.07830715471192 143.9209650530048 None None None
9 164.2132650394919 64.4409650530048 243.6932650394919 143.9209650530048 None None None
10 156.48473173018152 64.4409650530048 235.96473173018154 143.9209650530048 None None None
11 208.74846975999998 64.4409650530048 288.22846976 143.9209650530048 0.2523385010000001 0.18987859900000004 0
12 208.74846975999998 64.4409650530048 288.22846976 143.9209650530048 0.1830555020000002 0.21161804199999956 4.033691421
13 208.74846975999998 64.4409650530048 288.22846976 143.9209650530048 0.3786760669999998 0.41969430500000016 4.429514933
14 208.74846975999998 64.4409650530048 288.22846976 143.9209650530048 0.2845944060000001 0.5488165450000002 5.229165522
15 208.74846975999998 64.4409650530048 288.22846976 143.9209650530048 0.3107972420000005 0.29255632200000026 6.072615946
16 208.74846975999998 64.4409650530048 288.22846976 143.9209650530048 0.2625748200000002 0.6686648560000004 6.901324045
17 208.74846975999998 64.4409650530048 288.22846976 143.9209650530048 0.205636461000001 0.27600169799999996 7.834073153
18 208.74846975999998 64.4409650530048 288.22846976 143.9209650530048 0.2783210750000009 0.39418719199999863 8.317047318
19 208.74846975999998 64.4409650530048 288.22846976 143.9209650530048 0.21092358900000008 0.3224500119999991 8.991107109
20 208.74846975999998 64.4409650530048 288.22846976 143.9209650530048 0.3370360380000008 0.3534289529999999 9.525899394
21 208.74846975999998 64.4409650530048 288.22846976 143.9209650530048 0.40318450000000006 0.3512241590000009 10.217827297
22 208.74846975999998 64.4409650530048 288.22846976 143.9209650530048 0.23166342700000087 0.3013084209999999 10.973673614
23 208.74846975999998 64.4409650530048 288.22846976 143.9209650530048 0.2081567480000004 0.27055492200000053 11.508178401
24 208.74846975999998 64.4409650530048 288.22846976 143.9209650530048 0.21334930599999957 0.30221556200000066 11.98831873
25 208.74846975999998 64.4409650530048 288.22846976 143.9209650530048 0.29982681399999933 0.3008674599999992 12.505196446
26 208.74846975999998 64.4409650530048 288.22846976 143.9209650530048 0.6518718220000004 0.29387614199999845 13.107429076
27 208.74846975999998 64.4409650530048 288.22846976 143.9209650530048 0.23881104200000003 0.30942015499999975 14.054591281
28 208.74846975999998 64.4409650530048 288.22846976 143.9209650530048 0.3024809030000011 0.30768060200000136 14.604186334
29 208.74846975999998 64.4409650530048 288.22846976 143.9209650530048 0.2095913179999993 0.26781004400000086 15.215694315
30 208.74846975999998 64.4409650530048 288.22846976 143.9209650530048 0.21170433200000005 0.2689364060000017 15.694594669
31 208.74846975999998 64.4409650530048 288.22846976 143.9209650530048 0.3060616850000031 0.3029707359999989 16.176731721
32 208.74846975999998 64.4409650530048 288.22846976 143.9209650530048 0.26159310299999916 0.28040788799999916 16.78707786
33 208.74846975999998 64.4409650530048 288.22846976 143.9209650530048 0.30929956599999997 0.4994790069999979 17.330716781
34 208.74846975999998 64.4409650530048 288.22846976 143.9209650530048 0.21913657500000028 0.30402227300000106 18.141037381
35 208.74846975999998 64.4409650530048 288.22846976 143.9209650530048 0.36526944800000294 0.2965085089999988 18.665679528
36 208.74846975999998 64.4409650530048 288.22846976 143.9209650530048 0.30549548700000173 0.3132653740000002 19.32883788
37 208.74846975999998 64.4409650530048 288.22846976 143.9209650530048 0.21547895400000172 0.27531687899999824 19.949104063
38 208.74846975999998 64.4409650530048 288.22846976 143.9209650530048 0.30612275400000044 0.30837473800000126 20.441344116
39 208.74846975999998 64.4409650530048 288.22846976 143.9209650530048 0.3493386849999993 0.43301253799999984 21.057322842
40 208.74846975999998 64.4409650530048 288.22846976 143.9209650530048 0.3068039849999984 0.5683410299999991 21.841330977
41 208.74846975999998 64.4409650530048 288.22846976 143.9209650530048 0.3768326129999977 0.6770152140000008 22.717881037
42 208.74846975999998 64.4409650530048 288.22846976 143.9209650530048 0.3718110099999983 0.7132405809999973 23.773411049
43 208.74846975999998 64.4409650530048 288.22846976 143.9209650530048 0.32782278999999903 0.6079642100000022 24.859886278
44 208.74846975999998 64.4409650530048 288.22846976 143.9209650530048 0.45520933599999935 1.0812400279999999 25.79715633
45 208.74846975999998 64.4409650530048 288.22846976 143.9209650530048 0.23491319400000066 0.31394978699999854 27.334747208
46 208.74846975999998 64.4409650530048 288.22846976 143.9209650530048 0.2135427529999987 0.2904453289999971 27.886475234
47 208.74846975999998 64.4409650530048 288.22846976 143.9209650530048 0.2794974159999981 0.2781748059999991 28.391827498
48 208.74846975999998 64.4409650530048 288.22846976 143.9209650530048 0.15831485900000075 0.7566194059999987 28.950725496
49 208.74846975999998 64.4409650530048 288.22846976 143.9209650530048 0.31911376800000113 0.34360668599999755 29.866905059
50 208.74846975999998 64.4409650530048 288.22846976 143.9209650530048 0.2153297190000032 0.2787613130000004 30.531235638
51 208.74846975999998 64.4409650530048 288.22846976 143.9209650530048 0.22498417499999945 0.2735566359999986 31.026889912
52 208.74846975999998 64.4409650530048 288.22846976 143.9209650530048 0.2104626490000001 0.4772889479999982 31.527038828
53 208.74846975999998 64.4409650530048 288.22846976 143.9209650530048 0.2846695709999949 0.2708431239999953 32.216167271
54 208.74846975999998 64.4409650530048 288.22846976 143.9209650530048 0.2104726529999965 0.2715634059999985 32.773216026
55 208.74846975999998 64.4409650530048 288.22846976 143.9209650530048 0.24249246699999816 0.2828594049999964 33.256825265
56 208.74846975999998 64.4409650530048 288.22846976 143.9209650530048 0.30777692400000234 0.32352878700000076 33.783934781
57 208.74846975999998 64.4409650530048 288.22846976 143.9209650530048 0.21390853199999782 0.27253462999999556 34.4165535
58 208.74846975999998 64.4409650530048 288.22846976 143.9209650530048 0.21749776600000104 0.2748808720000042 34.904441788
59 208.74846975999998 64.4409650530048 288.22846976 143.9209650530048 0.30961443400000377 0.31621777699999853 35.398126145
60 208.74846975999998 64.4409650530048 288.22846976 143.9209650530048 0.35349885599999453 0.2753793210000026 36.025401125
61 208.74846975999998 64.4409650530048 288.22846976 143.9209650530048 0.24220802600000013 3.3415112360000023 36.656787561
62 208.74846975999998 64.4409650530048 288.22846976 143.9209650530048 0.18673088599999943 2.458294537999997 40.241544869
63 208.74846975999998 64.4409650530048 288.22846976 143.9209650530048 0.2792075250000039 0.27843677400000644 42.887741876
64 208.74846975999998 64.4409650530048 288.22846976 143.9209650530048 0.1965775119999975 0.2553676120000006 43.446651058
65 208.74846975999998 64.4409650530048 288.22846976 143.9209650530048 0.20914459900000537 0.264641515000001 43.89980384
66 208.74846975999998 64.4409650530048 288.22846976 143.9209650530048 0.20739690099999564 0.27122002100000486 44.374966274
67 208.74846975999998 64.4409650530048 288.22846976 143.9209650530048 0.3163398330000007 0.3224846040000031 44.855064336
68 208.74846975999998 64.4409650530048 288.22846976 143.9209650530048 0.21895855700000055 0.2884940609999944 45.495369394
69 208.74846975999998 64.4409650530048 288.22846976 143.9209650530048 0.26101956299999785 0.5229006920000003 46.004163992
70 208.74846975999998 64.4409650530048 288.22846976 143.9209650530048 0.21931741099999869 0.30362505699999787 46.789298193
71 208.74846975999998 64.4409650530048 288.22846976 143.9209650530048 0.22859250199999792 0.4147192059999938 47.313708111
72 208.74846975999998 64.4409650530048 288.22846976 143.9209650530048 0.32805110299999996 0.3221443970000024 47.958426639
73 208.74846975999998 64.4409650530048 288.22846976 143.9209650530048 0.22530835999999965 0.28953076399999844 48.610128687
74 208.74846975999998 64.4409650530048 288.22846976 143.9209650530048 0.22892688800000371 0.31594168200000183 49.126457578
75 208.74846975999998 64.4409650530048 288.22846976 143.9209650530048 0.4991083409999959 0.34577509100000015 49.672960839
76 208.74846975999998 64.4409650530048 288.22846976 143.9209650530048 0.21144686899999954 0.32125725899999935 50.519278924
77 208.74846975999998 64.4409650530048 288.22846976 143.9209650530048 0.30789211500000135 0.28392077100000535 51.05339047
78 208.74846975999998 64.4409650530048 288.22846976 143.9209650530048 0.3107566540000022 0.3438124159999987 51.646827703
79 208.74846975999998 64.4409650530048 288.22846976 143.9209650530048 0.31333798400000035 0.3280437009999986 52.303113171
80 208.74846975999998 64.4409650530048 288.22846976 143.9209650530048 0.3250619969999988 0.3208773380000025 52.945863743
81 208.74846975999998 64.4409650530048 288.22846976 143.9209650530048 0.3130557829999958 0.5596217760000002 53.593326342
82 208.74846975999998 64.4409650530048 288.22846976 143.9209650530048 0.3272542730000012 0.3349822679999974 54.467390903
83 208.74846975999998 64.4409650530048 288.22846976 143.9209650530048 0.3163018919999985 0.3180195899999987 55.131153284
84 208.74846975999998 64.4409650530048 288.22846976 143.9209650530048 0.2203122310000012 0.29038677799999846 55.766793352
85 208.74846975999998 64.4409650530048 288.22846976 143.9209650530048 0.21681236999999953 0.2916313110000033 56.278862661
86 208.74846975999998 64.4409650530048 288.22846976 143.9209650530048 0.22456756200000427 0.29790314800000317 56.78859165
87 208.74846975999998 64.4409650530048 288.22846976 143.9209650530048 0.4311244420000051 0.2907635230000025 57.312416665
88 208.74846975999998 64.4409650530048 288.22846976 143.9209650530048 0.31484967200000114 0.3620917290000065 58.03586682
89 208.74846975999998 64.4409650530048 288.22846976 143.9209650530048 0.3179979579999994 0.3229580349999992 58.714191125
90 208.74846975999998 64.4409650530048 288.22846976 143.9209650530048 0.22709991699999676 0.3088438229999966 59.356501741
91 208.74846975999998 64.4409650530048 288.22846976 143.9209650530048 0.2408802049999963 0.295498993999999 59.89382234
92 208.74846975999998 64.4409650530048 288.22846976 143.9209650530048 0.315212350000003 0.34572327200000075 60.431794762
93 208.74846975999998 64.4409650530048 288.22846976 143.9209650530048 0.21465125299999954 0.2883547759999985 61.0941486
94 208.74846975999998 64.4409650530048 288.22846976 143.9209650530048 0.33313229899999897 0.5375658239999979 61.598575069
95 208.74846975999998 64.4409650530048 288.22846976 143.9209650530048 0.2834038300000046 0.30533747199999794 62.470735232
96 208.74846975999998 64.4409650530048 288.22846976 143.9209650530048 0.22009454500000203 0.3213681669999957 63.061288373
97 208.74846975999998 64.4409650530048 288.22846976 143.9209650530048 0.2268561300000087 0.28998605799999666 63.604075166
98 208.74846975999998 64.4409650530048 288.22846976 143.9209650530048 0.2275975499999987 0.3301182379999972 64.122357592
99 208.74846975999998 64.4409650530048 288.22846976 143.9209650530048 0.2220011080000006 0.3017101709999963 64.681425217
100 208.74846975999998 64.4409650530048 288.22846976 143.9209650530048 0.3242396419999949 0.5359685420000062 65.206450395
101 208.74846975999998 64.4409650530048 288.22846976 143.9209650530048 0.32982975400000214 0.3742583479999979 66.068089796
102 208.74846975999998 64.4409650530048 288.22846976 143.9209650530048 0.23730203499999902 0.7595980359999999 66.773538765
103 208.74846975999998 64.4409650530048 288.22846976 143.9209650530048 0.3732632610000053 0.3861938339999966 67.771840589
104 208.74846975999998 64.4409650530048 288.22846976 143.9209650530048 0.3450510699999967 0.3288241329999977 68.532803198
105 208.74846975999998 64.4409650530048 288.22846976 143.9209650530048 0.2350503889999942 0.4261671409999934 69.208057073
106 208.74846975999998 64.4409650530048 288.22846976 143.9209650530048 0.33744274800000085 0.34639137099999573 69.870678735
107 208.74846975999998 64.4409650530048 288.22846976 143.9209650530048 0.23265457800000888 0.3057854900000052 70.555877186
108 208.74846975999998 64.4409650530048 288.22846976 143.9209650530048 0.22662035599999797 0.3135539369999947 71.095688668
109 208.74846975999998 64.4409650530048 288.22846976 143.9209650530048 0.3620903510000062 0.3525521579999946 71.637162651
110 208.74846975999998 64.4409650530048 288.22846976 143.9209650530048 0.33041564099998766 0.33298821000001055 72.353358774
111 208.74846975999998 64.4409650530048 288.22846976 143.9209650530048 0.7052801109999933 0.3570457219999952 73.018141148
112 208.74846975999998 64.4409650530048 288.22846976 143.9209650530048 0.6996944150000104 0.6608810410000103 74.08203498
113 208.74846975999998 64.4409650530048 288.22846976 143.9209650530048 0.491105907000005 0.6361724389999921 75.443989469
114 208.74846975999998 64.4409650530048 288.22846976 143.9209650530048 0.682256394999996 0.6372441230000021 76.572668812
115 208.74846975999998 64.4409650530048 288.22846976 143.9209650530048 0.504064231000001 0.6127741749999984 77.893790672
116 208.74846975999998 64.4409650530048 288.22846976 143.9209650530048 0.8323471730000023 0.9146725149999924 79.012597294
117 208.74846975999998 64.4409650530048 288.22846976 143.9209650530048 0.5075532509999903 0.6741356639999907 80.761064675
118 208.74846975999998 64.4409650530048 288.22846976 143.9209650530048 0.5179026890000102 0.6468266370000038 81.94425322
119 208.74846975999998 64.4409650530048 288.22846976 143.9209650530048 0.4978218070000082 0.6625290749999948 83.110846253
120 208.74846975999998 64.4409650530048 288.22846976 143.9209650530048 0.7122110040000109 0.6405283059999931 84.272526151
121 208.74846975999998 64.4409650530048 288.22846976 143.9209650530048 0.4766148000000072 3.0387861439999995 85.626827674
122 208.74846975999998 64.4409650530048 288.22846976 143.9209650530048 0.5758118339999925 0.5906394929999976 89.143594168
123 208.74846975999998 64.4409650530048 288.22846976 143.9209650530048 0.7117749650000036 0.6948524179999964 90.311537739
124 208.74846975999998 64.4409650530048 288.22846976 143.9209650530048 0.7211013040000012 0.8239986709999982 91.720170414
125 208.74846975999998 64.4409650530048 288.22846976 143.9209650530048 0.49902238899998963 1.1868651789999944 93.266609928
126 208.74846975999998 64.4409650530048 288.22846976 143.9209650530048 0.8438071489999999 0.7320133479999953 94.954089675
127 208.74846975999998 64.4409650530048 288.22846976 143.9209650530048 0.7523013600000041 0.7256146729999955 96.531347968
128 208.74846975999998 64.4409650530048 288.22846976 143.9209650530048 0.5097715879999924 0.7753997849999905 98.010649946
129 208.74846975999998 64.4409650530048 288.22846976 143.9209650530048 0.5132267039999903 0.7403683339999958 99.297330924
130 208.74846975999998 64.4409650530048 288.22846976 143.9209650530048 0.5200518880000118 0.6442635450000012 100.552347434
131 208.74846975999998 64.4409650530048 288.22846976 143.9209650530048 0.5180819509999992 0.7971462949999903 101.718216502
132 208.74846975999998 64.4409650530048 288.22846976 143.9209650530048 0.7410546050000022 0.8359021549999994 103.034972629
133 208.74846975999998 64.4409650530048 288.22846976 143.9209650530048 0.5360615270000011 0.7488419040000025 104.613480329
134 208.74846975999998 64.4409650530048 288.22846976 143.9209650530048 0.7594700049999972 0.748759125999996 105.899820749
135 208.74846975999998 64.4409650530048 288.22846976 143.9209650530048 0.5341025620000011 0.9224037399999929 107.409433427
136 208.74846975999998 64.4409650530048 288.22846976 143.9209650530048 0.7549713799999864 0.7778914920000091 108.867316562
137 208.74846975999998 64.4409650530048 288.22846976 143.9209650530048 0.4943107169999905 1.3495316770000017 110.40184292
138 208.74846975999998 64.4409650530048 288.22846976 143.9209650530048 0.49822685499999864 0.644259832000003 112.247139999
139 208.74846975999998 64.4409650530048 288.22846976 143.9209650530048 0.30485387699999933 0.8297658660000025 113.390995613
140 208.74846975999998 64.4409650530048 288.22846976 143.9209650530048 0.25602981100000477 0.3727889299999987 114.527038591
141 208.74846975999998 64.4409650530048 288.22846976 143.9209650530048 0.3725934429999995 0.45139519699999653 115.157280925
142 208.74846975999998 64.4409650530048 288.22846976 143.9209650530048 0.2536553740000045 0.3442118970000081 115.982738834
143 208.74846975999998 64.4409650530048 288.22846976 143.9209650530048 0.2570858679999901 0.4611190570000048 116.581995716
144 208.74846975999998 64.4409650530048 288.22846976 143.9209650530048 0.36741989899999794 0.4537974329999912 117.30190222
145 208.74846975999998 64.4409650530048 288.22846976 143.9209650530048 0.25117500199999654 0.45864938799999777 118.124612607
146 208.74846975999998 64.4409650530048 288.22846976 143.9209650530048 0.5766655370000109 0.5528125349999868 118.835890935
147 208.74846975999998 64.4409650530048 288.22846976 143.9209650530048 0.8267040910000105 0.9849891219999876 119.967370875
148 208.74846975999998 64.4409650530048 288.22846976 143.9209650530048 0.5741058520000024 1.143868458 121.780886144
149 208.74846975999998 64.4409650530048 288.22846976 143.9209650530048 0.8032544290000061 0.8952206760000081 123.500540701
150 208.74846975999998 64.4409650530048 288.22846976 143.9209650530048 0.8022471809999985 0.7858626849999979 125.200519616
