"function evaluation" "current f(x)" "best-so-far f(x)" "current af(x)+b" "best af(x)+b" acq_opt_time model_fit_time cum_iteration_time
1 135.14753920288274 135.14753920288274 42.497539202882734 42.497539202882734 None None None
2 86.40926182798974 86.40926182798974 -6.240738172010268 -6.240738172010268 None None None
3 165.87617016545204 86.40926182798974 73.22617016545203 -6.240738172010268 None None None
4 85.12818511973336 85.12818511973336 -7.521814880266646 -7.521814880266646 None None None
5 96.7687000514932 85.12818511973336 4.118700051493192 -7.521814880266646 None None None
6 95.91349172754381 85.12818511973336 3.2634917275438085 -7.521814880266646 None None None
7 135.67194008572588 85.12818511973336 43.02194008572587 -7.521814880266646 None None None
8 51.63352523954779 51.63352523954779 -41.01647476045222 -41.01647476045222 None None None
9 144.32381846958248 51.63352523954779 51.67381846958247 -41.01647476045222 None None None
10 86.05121237075808 51.63352523954779 -6.598787629241926 -41.01647476045222 None None None
11 314.44680320000003 51.63352523954779 221.79680320000003 -41.01647476045222 0.3122341250000007 0.3154218550000003 0
12 314.44680320000003 51.63352523954779 221.79680320000003 -41.01647476045222 0.533996342 0.2611728650000007 6.875325567
13 314.44680320000003 51.63352523954779 221.79680320000003 -41.01647476045222 0.6874881070000001 0.5718554170000001 7.671791395
14 314.44680320000003 51.63352523954779 221.79680320000003 -41.01647476045222 0.27016026499999946 0.5866900360000002 8.932379166
15 314.44680320000003 51.63352523954779 221.79680320000003 -41.01647476045222 0.297469894999999 0.5545460799999997 9.790383683
16 314.44680320000003 51.63352523954779 221.79680320000003 -41.01647476045222 0.7967229020000008 0.5046155419999998 10.643543623
17 314.44680320000003 51.63352523954779 221.79680320000003 -41.01647476045222 0.6244971819999989 0.29965860800000144 11.946158962
18 314.44680320000003 51.63352523954779 221.79680320000003 -41.01647476045222 0.6787537219999997 0.3590459769999992 12.871606628
19 314.44680320000003 51.63352523954779 221.79680320000003 -41.01647476045222 0.25031952199999985 0.6674846599999995 13.910644316
20 314.44680320000003 51.63352523954779 221.79680320000003 -41.01647476045222 0.37061997300000016 0.6572185070000014 14.83735319
21 314.44680320000003 51.63352523954779 221.79680320000003 -41.01647476045222 0.34909131199999877 0.6127008659999991 15.866495553
22 314.44680320000003 51.63352523954779 221.79680320000003 -41.01647476045222 0.33110798599999924 0.759109641000002 16.829732978
23 314.44680320000003 51.63352523954779 221.79680320000003 -41.01647476045222 0.19840074300000055 0.7316754960000011 17.921114418
24 314.44680320000003 51.63352523954779 221.79680320000003 -41.01647476045222 0.3149471970000022 0.8030310239999991 18.852406125
25 314.44680320000003 51.63352523954779 221.79680320000003 -41.01647476045222 0.3800115280000007 0.5443918550000006 19.971456933
26 314.44680320000003 51.63352523954779 221.79680320000003 -41.01647476045222 0.5103374879999976 0.8731597250000007 20.897201386
27 314.44680320000003 51.63352523954779 221.79680320000003 -41.01647476045222 0.3904468840000028 0.5902836439999994 22.281916998
28 314.44680320000003 51.63352523954779 221.79680320000003 -41.01647476045222 0.20912808099999936 0.37846944600000043 23.263684914
29 314.44680320000003 51.63352523954779 221.79680320000003 -41.01647476045222 0.21436908299999757 0.26831898200000026 23.85263273
30 314.44680320000003 51.63352523954779 221.79680320000003 -41.01647476045222 0.2973599379999996 0.29611809400000055 24.336743365
31 314.44680320000003 51.63352523954779 221.79680320000003 -41.01647476045222 0.9077744040000013 0.47614997499999845 24.931521845
32 314.44680320000003 51.63352523954779 221.79680320000003 -41.01647476045222 0.36631221500000066 0.5110014199999995 26.346527467
33 314.44680320000003 51.63352523954779 221.79680320000003 -41.01647476045222 0.82960937 0.5096625509999981 27.225186594
34 314.44680320000003 51.63352523954779 221.79680320000003 -41.01647476045222 0.4432026950000001 0.6437541000000024 28.565637323
35 314.44680320000003 51.63352523954779 221.79680320000003 -41.01647476045222 0.3856471540000008 0.5708963350000005 29.653948887
36 314.44680320000003 51.63352523954779 221.79680320000003 -41.01647476045222 0.7140060810000008 0.5433478150000006 30.612096119
37 314.44680320000003 51.63352523954779 221.79680320000003 -41.01647476045222 0.8284340519999986 0.6915739340000044 31.870965518
38 314.44680320000003 51.63352523954779 221.79680320000003 -41.01647476045222 0.1999022489999973 0.26452518100000333 33.392487163
39 314.44680320000003 51.63352523954779 221.79680320000003 -41.01647476045222 0.7010936500000042 0.40102974499999533 33.858377637
40 314.44680320000003 51.63352523954779 221.79680320000003 -41.01647476045222 0.30232418199999955 0.5353934729999992 34.962170628
41 314.44680320000003 51.63352523954779 221.79680320000003 -41.01647476045222 0.3140561849999983 0.5075986239999963 35.801390601
42 314.44680320000003 51.63352523954779 221.79680320000003 -41.01647476045222 0.27420189700000464 0.6306982099999985 36.624478422
43 314.44680320000003 51.63352523954779 221.79680320000003 -41.01647476045222 0.7982025920000027 0.5772510880000041 37.530955577
44 314.44680320000003 51.63352523954779 221.79680320000003 -41.01647476045222 0.4680371050000005 1.6078218930000006 38.907481635
45 314.44680320000003 51.63352523954779 221.79680320000003 -41.01647476045222 0.4130854149999976 1.019941461000002 40.984687374
46 314.44680320000003 51.63352523954779 221.79680320000003 -41.01647476045222 0.19514563199999913 0.5264156040000003 42.419060294
47 314.44680320000003 51.63352523954779 221.79680320000003 -41.01647476045222 1.1336064210000032 1.6234874149999996 43.1419684
48 314.44680320000003 51.63352523954779 221.79680320000003 -41.01647476045222 0.2475256640000012 1.036792455000004 45.900735739
49 314.44680320000003 51.63352523954779 221.79680320000003 -41.01647476045222 0.1980009670000058 0.58050523 47.186393238
50 314.44680320000003 51.63352523954779 221.79680320000003 -41.01647476045222 0.4973727690000018 1.5127896429999979 47.966289579
51 314.44680320000003 51.63352523954779 221.79680320000003 -41.01647476045222 0.6764932819999956 0.5186148370000012 49.977929922
52 314.44680320000003 51.63352523954779 221.79680320000003 -41.01647476045222 0.3162886999999941 0.6863452320000007 51.174456139
53 314.44680320000003 51.63352523954779 221.79680320000003 -41.01647476045222 0.29349595699999753 0.3710582020000004 52.178964131
54 314.44680320000003 51.63352523954779 221.79680320000003 -41.01647476045222 0.37880763200000445 0.29907660899999655 52.845095714
55 314.44680320000003 51.63352523954779 221.79680320000003 -41.01647476045222 0.4958572080000039 0.6620272549999981 53.524340469
56 314.44680320000003 51.63352523954779 221.79680320000003 -41.01647476045222 0.21992071100000032 0.787837906 54.684160279
57 314.44680320000003 51.63352523954779 221.79680320000003 -41.01647476045222 0.20490172000000229 0.2641703030000002 55.693349776
58 314.44680320000003 51.63352523954779 221.79680320000003 -41.01647476045222 0.4719036480000014 0.3721618189999987 56.163797696
59 314.44680320000003 51.63352523954779 221.79680320000003 -41.01647476045222 0.25248391900000655 0.7586035270000053 57.009577355
60 314.44680320000003 51.63352523954779 221.79680320000003 -41.01647476045222 0.42888013700000016 2.113883753000003 58.021949055
61 314.44680320000003 51.63352523954779 221.79680320000003 -41.01647476045222 0.3070556800000048 2.115235734999999 60.565762842
62 314.44680320000003 51.63352523954779 221.79680320000003 -41.01647476045222 0.33585176300000086 0.3179904469999997 62.988942628
63 314.44680320000003 51.63352523954779 221.79680320000003 -41.01647476045222 0.20808748699999313 0.27921124199999525 63.644176877
64 314.44680320000003 51.63352523954779 221.79680320000003 -41.01647476045222 0.21912315299999818 0.2830340279999888 64.132980414
65 314.44680320000003 51.63352523954779 221.79680320000003 -41.01647476045222 0.31562884999999596 0.32444659200000103 64.636556684
66 314.44680320000003 51.63352523954779 221.79680320000003 -41.01647476045222 0.26100632800000767 0.3450845929999957 65.277997481
67 314.44680320000003 51.63352523954779 221.79680320000003 -41.01647476045222 0.41440042899999696 0.43064974800000755 65.885494524
68 314.44680320000003 51.63352523954779 221.79680320000003 -41.01647476045222 0.315254779 1.249716411999998 66.732017646
69 314.44680320000003 51.63352523954779 221.79680320000003 -41.01647476045222 0.3974974160000073 3.826533522999995 68.298296844
70 314.44680320000003 51.63352523954779 221.79680320000003 -41.01647476045222 0.21200580699999705 0.34906245599999863 72.526387322
71 314.44680320000003 51.63352523954779 221.79680320000003 -41.01647476045222 0.2989448419999974 0.3088271539999994 73.088787955
72 314.44680320000003 51.63352523954779 221.79680320000003 -41.01647476045222 0.21836918700000751 0.2706544010000016 73.697890531
73 314.44680320000003 51.63352523954779 221.79680320000003 -41.01647476045222 0.3110907900000086 0.31635297300000786 74.188181828
74 314.44680320000003 51.63352523954779 221.79680320000003 -41.01647476045222 0.31468503400000714 0.32511501899999473 74.817040861
75 314.44680320000003 51.63352523954779 221.79680320000003 -41.01647476045222 0.5732888179999946 0.6306187940000001 75.458228678
76 314.44680320000003 51.63352523954779 221.79680320000003 -41.01647476045222 0.6307009869999973 0.9728285789999944 76.663078974
77 314.44680320000003 51.63352523954779 221.79680320000003 -41.01647476045222 0.3495523450000064 0.5623396599999921 78.267934597
78 314.44680320000003 51.63352523954779 221.79680320000003 -41.01647476045222 0.2949827500000026 1.490583737999998 79.18087169
79 314.44680320000003 51.63352523954779 221.79680320000003 -41.01647476045222 0.21219005700000082 0.5424979460000117 80.967896967
80 314.44680320000003 51.63352523954779 221.79680320000003 -41.01647476045222 0.23021800200000087 0.4790105579999988 81.724096992
81 314.44680320000003 51.63352523954779 221.79680320000003 -41.01647476045222 0.22141937000000667 0.29962903700000254 82.434742632
82 314.44680320000003 51.63352523954779 221.79680320000003 -41.01647476045222 0.22547967500000254 0.31046724600000175 82.957084422
83 314.44680320000003 51.63352523954779 221.79680320000003 -41.01647476045222 0.21296493600000588 0.2785487590000031 83.49435796
84 314.44680320000003 51.63352523954779 221.79680320000003 -41.01647476045222 0.21391255099999285 0.2800343740000102 83.987114015
85 314.44680320000003 51.63352523954779 221.79680320000003 -41.01647476045222 0.32267301800000325 0.31717435600000954 84.482317617
86 314.44680320000003 51.63352523954779 221.79680320000003 -41.01647476045222 1.1881138030000074 0.5150309999999934 85.123483637
87 314.44680320000003 51.63352523954779 221.79680320000003 -41.01647476045222 0.7286004310000038 0.9079551730000048 86.828391084
88 314.44680320000003 51.63352523954779 221.79680320000003 -41.01647476045222 0.31639951599998994 0.47010688499999276 88.466297785
89 314.44680320000003 51.63352523954779 221.79680320000003 -41.01647476045222 0.31301376700000105 0.317702299000004 89.254398886
90 314.44680320000003 51.63352523954779 221.79680320000003 -41.01647476045222 0.22563083399998618 0.3065597129999986 89.886425478
91 314.44680320000003 51.63352523954779 221.79680320000003 -41.01647476045222 0.32833748299999854 0.3300734160000047 90.419932478
92 314.44680320000003 51.63352523954779 221.79680320000003 -41.01647476045222 1.2611137700000086 0.7744361529999964 91.079908916
93 314.44680320000003 51.63352523954779 221.79680320000003 -41.01647476045222 0.9942678590000043 1.2274948980000033 93.116605588
94 314.44680320000003 51.63352523954779 221.79680320000003 -41.01647476045222 0.5305188740000091 0.6061849959999961 95.342481708
95 314.44680320000003 51.63352523954779 221.79680320000003 -41.01647476045222 0.42861883499999465 0.9463011440000031 96.480266126
96 314.44680320000003 51.63352523954779 221.79680320000003 -41.01647476045222 0.915169144999993 1.3050361469999956 97.856089651
97 314.44680320000003 51.63352523954779 221.79680320000003 -41.01647476045222 1.4724022829999939 1.2941028630000062 100.078450485
98 314.44680320000003 51.63352523954779 221.79680320000003 -41.01647476045222 2.8692517619999904 1.2855124839999945 102.890554699
99 314.44680320000003 51.63352523954779 221.79680320000003 -41.01647476045222 0.39520236599999237 1.0529740979999929 107.051040989
100 314.44680320000003 51.63352523954779 221.79680320000003 -41.01647476045222 0.2235579159999901 0.2997939669999994 108.50062545
101 314.44680320000003 51.63352523954779 221.79680320000003 -41.01647476045222 0.23193358400000363 0.31307526800000574 109.025295016
102 314.44680320000003 51.63352523954779 221.79680320000003 -41.01647476045222 0.22774785299999678 0.3028804830000098 109.571808515
103 314.44680320000003 51.63352523954779 221.79680320000003 -41.01647476045222 0.22963844799998867 0.3043104169999964 110.103759047
104 314.44680320000003 51.63352523954779 221.79680320000003 -41.01647476045222 1.4703044939999899 0.6510125869999968 110.639136601
105 314.44680320000003 51.63352523954779 221.79680320000003 -41.01647476045222 0.4926959499999981 4.504720341999999 112.762557783
106 314.44680320000003 51.63352523954779 221.79680320000003 -41.01647476045222 0.6904741209999941 0.6765957789999959 117.761258354
107 314.44680320000003 51.63352523954779 221.79680320000003 -41.01647476045222 0.5039166819999963 0.6474350619999996 119.129796855
108 314.44680320000003 51.63352523954779 221.79680320000003 -41.01647476045222 0.5216976869999996 0.721357771000001 120.282720005
109 314.44680320000003 51.63352523954779 221.79680320000003 -41.01647476045222 1.6772022669999984 2.5488083839999973 121.526981277
110 314.44680320000003 51.63352523954779 221.79680320000003 -41.01647476045222 0.47165301900000145 3.8071541690000004 125.758436403
111 314.44680320000003 51.63352523954779 221.79680320000003 -41.01647476045222 0.4726782070000013 0.5839102120000064 130.038698706
112 314.44680320000003 51.63352523954779 221.79680320000003 -41.01647476045222 1.5620879590000243 0.735869761999993 131.096648642
113 314.44680320000003 51.63352523954779 221.79680320000003 -41.01647476045222 1.0334198209999954 1.052784908999996 133.396028191
114 314.44680320000003 51.63352523954779 221.79680320000003 -41.01647476045222 0.6816375280000102 1.0922755549999863 135.48374419
115 314.44680320000003 51.63352523954779 221.79680320000003 -41.01647476045222 0.33433140200000366 5.135112609999993 137.259242012
116 314.44680320000003 51.63352523954779 221.79680320000003 -41.01647476045222 0.22561570499999561 2.2693339639999976 142.730251514
117 314.44680320000003 51.63352523954779 221.79680320000003 -41.01647476045222 0.2337912289999906 3.1724938149999957 145.226586335
118 314.44680320000003 51.63352523954779 221.79680320000003 -41.01647476045222 0.3524114349999934 0.3499921860000086 148.634274395
119 314.44680320000003 51.63352523954779 221.79680320000003 -41.01647476045222 0.2622545739999964 0.6234841469999992 149.338132702
120 314.44680320000003 51.63352523954779 221.79680320000003 -41.01647476045222 0.26026774400000363 0.5032927059999963 150.225296442
121 314.44680320000003 51.63352523954779 221.79680320000003 -41.01647476045222 0.7603391389999956 0.8465042100000062 150.990264741
122 314.44680320000003 51.63352523954779 221.79680320000003 -41.01647476045222 0.3318548029999988 6.09107457799999 152.598674963
123 314.44680320000003 51.63352523954779 221.79680320000003 -41.01647476045222 0.33906009099999324 0.38887156900000264 159.022860814
124 314.44680320000003 51.63352523954779 221.79680320000003 -41.01647476045222 0.25354369900000506 0.34071644399998036 159.752310591
125 314.44680320000003 51.63352523954779 221.79680320000003 -41.01647476045222 0.3547347360000117 0.3572952270000087 160.348110065
126 314.44680320000003 51.63352523954779 221.79680320000003 -41.01647476045222 0.3416180899999972 0.4103866289999871 161.061562791
127 314.44680320000003 51.63352523954779 221.79680320000003 -41.01647476045222 0.35890775500001837 0.4682198380000102 161.815311345
128 314.44680320000003 51.63352523954779 221.79680320000003 -41.01647476045222 0.36565773000000945 0.4450808970000253 162.643849438
129 314.44680320000003 51.63352523954779 221.79680320000003 -41.01647476045222 0.2516685340000038 0.34208983299998863 163.456163579
130 314.44680320000003 51.63352523954779 221.79680320000003 -41.01647476045222 0.26329389300002504 0.3827726439999992 164.051380362
131 314.44680320000003 51.63352523954779 221.79680320000003 -41.01647476045222 0.8356991779999987 0.8489796249999984 164.698909345
132 314.44680320000003 51.63352523954779 221.79680320000003 -41.01647476045222 1.8004441289999988 2.1683865660000095 166.384776039
133 314.44680320000003 51.63352523954779 221.79680320000003 -41.01647476045222 1.2729155810000066 3.486921706000004 170.355138381
134 314.44680320000003 51.63352523954779 221.79680320000003 -41.01647476045222 0.3024332999999899 1.3046149090000085 175.116061585
135 314.44680320000003 51.63352523954779 221.79680320000003 -41.01647476045222 0.2630147529999931 0.48358907400000817 176.72477363
136 314.44680320000003 51.63352523954779 221.79680320000003 -41.01647476045222 1.7260151220000068 1.1655125620000035 177.472829741
137 314.44680320000003 51.63352523954779 221.79680320000003 -41.01647476045222 0.32235225500002684 0.997418137000011 180.366137843
138 314.44680320000003 51.63352523954779 221.79680320000003 -41.01647476045222 1.9580872290000002 0.8843061750000061 181.687589884
139 314.44680320000003 51.63352523954779 221.79680320000003 -41.01647476045222 1.269687872999981 1.972883152999998 184.531400093
140 314.44680320000003 51.63352523954779 221.79680320000003 -41.01647476045222 0.932950156000004 2.4907370820000097 187.775608806
141 314.44680320000003 51.63352523954779 221.79680320000003 -41.01647476045222 0.7483094990000154 1.6412345250000158 191.200770518
142 314.44680320000003 51.63352523954779 221.79680320000003 -41.01647476045222 0.5323527090000084 1.7813992009999993 193.591921918
143 314.44680320000003 51.63352523954779 221.79680320000003 -41.01647476045222 0.8079870349999965 1.1758935619999988 195.907525234
144 314.44680320000003 51.63352523954779 221.79680320000003 -41.01647476045222 1.070212271999992 4.032903637999993 197.89285693
145 314.44680320000003 51.63352523954779 221.79680320000003 -41.01647476045222 1.3150394070000004 0.6650502649999908 202.99875758
146 314.44680320000003 51.63352523954779 221.79680320000003 -41.01647476045222 0.4832752259999893 2.423733786000014 204.980045811
147 314.44680320000003 51.63352523954779 221.79680320000003 -41.01647476045222 0.4722868750000089 0.4502323570000044 207.888667721
148 314.44680320000003 51.63352523954779 221.79680320000003 -41.01647476045222 0.48951702899998395 0.491762523999995 208.813158517
149 314.44680320000003 51.63352523954779 221.79680320000003 -41.01647476045222 0.7602635410000005 1.4403996240000083 209.796491365
150 314.44680320000003 51.63352523954779 221.79680320000003 -41.01647476045222 0.424978273999983 3.4600212 211.998385416
