"function evaluation" "current f(x)" "best-so-far f(x)" "current af(x)+b" "best af(x)+b" acq_opt_time model_fit_time cum_iteration_time
1 171337.6830224291 171337.6830224291 170337.6830224291 170337.6830224291 None None None
2 410287.1629538835 171337.6830224291 409287.1629538835 170337.6830224291 None None None
3 460068.7355037508 171337.6830224291 459068.7355037508 170337.6830224291 None None None
4 351159.5971387971 171337.6830224291 350159.5971387971 170337.6830224291 None None None
5 82358.32949044066 82358.32949044066 81358.32949044066 81358.32949044066 None None None
6 483394.6513400063 82358.32949044066 482394.6513400063 81358.32949044066 None None None
7 355403.28739979677 82358.32949044066 354403.28739979677 81358.32949044066 None None None
8 361821.5181383725 82358.32949044066 360821.5181383725 81358.32949044066 None None None
9 197381.9247861224 82358.32949044066 196381.9247861224 81358.32949044066 None None None
10 555147.0043603124 82358.32949044066 554147.0043603124 81358.32949044066 None None None
11 449797.94770874473 82358.32949044066 448797.94770874473 81358.32949044066 0.23192888300000014 0.12318025099999996 0
12 183304.63568663658 82358.32949044066 182304.63568663658 81358.32949044066 0.2398409570000002 0.2719799259999993 4.078971535
13 494113.84864447283 82358.32949044066 493113.84864447283 81358.32949044066 0.4834995600000003 0.29431312 4.591717069
14 408596.8858038571 82358.32949044066 407596.8858038571 81358.32949044066 0.29816622899999956 0.3783524300000005 5.370864178
15 354215.3610835341 82358.32949044066 353215.3610835341 81358.32949044066 0.5854045169999997 0.4319285690000001 6.048651747
16 185185.1062442531 82358.32949044066 184185.1062442531 81358.32949044066 0.30558116300000027 0.5672225520000005 7.067324265
17 1228140.554296694 82358.32949044066 1227140.554296694 81358.32949044066 0.43314071100000007 0.47512011199999993 7.941673497
18 400508.4947396435 82358.32949044066 399508.4947396435 81358.32949044066 0.20048692700000004 0.5610195789999999 8.851419244
19 76996.67795202273 76996.67795202273 75996.67795202273 75996.67795202273 0.2043947139999993 0.31539092899999943 9.614287308
20 287521.58300836664 76996.67795202273 286521.58300836664 75996.67795202273 0.30176742300000114 0.29952296499999953 10.135504175
21 109091.054112788 76996.67795202273 108091.054112788 75996.67795202273 0.21044552199999877 0.27166788700000133 10.738080634
22 456444.7315087222 76996.67795202273 455444.7315087222 75996.67795202273 0.7146546530000002 0.30244058699999954 11.221469233
23 172784.77253495564 76996.67795202273 171784.77253495564 75996.67795202273 0.3127688829999986 0.5274138600000011 12.239728283
24 241235.6892820603 76996.67795202273 240235.6892820603 75996.67795202273 0.2864561830000003 0.54601334 13.08137206
25 130840.82882583234 76996.67795202273 129840.82882583234 75996.67795202273 0.31606166399999935 0.6157900349999998 13.91536659
26 91217.49128807748 76996.67795202273 90217.49128807748 75996.67795202273 0.37217537200000095 0.3584745370000011 14.848660877
27 280203.7576420726 76996.67795202273 279203.7576420726 75996.67795202273 0.20677589399999974 0.25049200800000015 15.581100467
28 313684.4160634162 76996.67795202273 312684.4160634162 75996.67795202273 0.36668455400000255 0.9464616560000003 16.039716475
29 116201.67914252705 76996.67795202273 115201.67914252705 75996.67795202273 0.8705614839999996 0.6288651310000013 17.353820953
30 248376.91978561843 76996.67795202273 247376.91978561843 75996.67795202273 0.9244294429999975 1.010542504 18.854951932
31 141837.20625717152 76996.67795202273 140837.20625717152 75996.67795202273 0.4955206319999981 0.7901406120000019 20.791181303
32 369950.03464689065 76996.67795202273 368950.03464689065 75996.67795202273 0.3462020059999986 1.4884118310000005 22.078214744
33 154507.83971837081 76996.67795202273 153507.83971837081 75996.67795202273 0.407616136999998 1.1822697379999987 23.915226433
34 312404.95189812523 76996.67795202273 311404.95189812523 75996.67795202273 1.217915466000001 6.697019506 25.506336209
35 60129.81247458212 60129.81247458212 59129.81247458212 59129.81247458212 0.28518940000000015 0.40482255500000264 33.424387533
36 558463.4490699336 60129.81247458212 557463.4490699336 59129.81247458212 0.21653817500000372 0.8941633470000028 34.115898269
37 515963.4556175483 60129.81247458212 514963.4556175483 59129.81247458212 1.1003851339999997 0.6030868599999977 35.228138936
38 316594.70978096564 60129.81247458212 315594.70978096564 59129.81247458212 0.213214157000003 0.6199774699999949 36.9351682
39 214574.7095551528 60129.81247458212 213574.7095551528 59129.81247458212 0.31312175400000086 0.5305590939999973 37.769845458
40 119104.00133860491 60129.81247458212 118104.00133860491 59129.81247458212 0.5357564050000008 0.6962218330000027 38.614831895
41 34317.728277154514 34317.728277154514 33317.728277154514 33317.728277154514 0.24793236000000007 0.7483673419999946 39.848509012
42 105584.79374710149 34317.728277154514 104584.79374710149 33317.728277154514 0.7328992989999961 0.5632253499999962 40.84621421
43 120870.68546646793 34317.728277154514 119870.68546646793 33317.728277154514 1.1295104350000003 0.5594021859999998 42.147467105
44 156604.07782409468 34317.728277154514 155604.07782409468 33317.728277154514 0.7985633079999985 0.9223116479999973 43.844675636
45 213503.7328170696 34317.728277154514 212503.7328170696 33317.728277154514 0.19743105199999889 0.4627999619999983 45.566820992
46 185962.8147886494 34317.728277154514 184962.8147886494 33317.728277154514 0.20107122900000007 0.2655223450000008 46.228344542
47 138584.31766367218 34317.728277154514 137584.31766367218 33317.728277154514 0.2864978839999992 0.30145630100000176 46.696420556
48 338674.1666793004 34317.728277154514 337674.1666793004 33317.728277154514 0.41229140000000086 0.5681459229999959 47.285827543
49 123812.19418835218 34317.728277154514 122812.19418835218 33317.728277154514 0.21201370300000377 0.5285950059999962 48.267699207
50 34025.27483240975 34025.27483240975 33025.27483240975 33025.27483240975 0.7114281679999976 1.191558698999998 49.00957227
51 226636.51136474227 34025.27483240975 225636.51136474227 33025.27483240975 0.3450387809999995 3.3309139360000017 50.913896253
52 66419.99578887477 34025.27483240975 65419.995788874774 33025.27483240975 0.20173105699999638 0.303924791 54.592765119
53 291583.9821510247 34025.27483240975 290583.9821510247 33025.27483240975 0.29543715999999876 0.30459540999999746 55.09973234
54 161691.15977717176 34025.27483240975 160691.15977717176 33025.27483240975 0.30881046600000417 0.307636604999999 55.701098523
55 182074.6433446743 34025.27483240975 181074.6433446743 33025.27483240975 0.21796305399999483 0.29100602999999836 56.318922397
56 195040.14178773348 34025.27483240975 194040.14178773348 33025.27483240975 0.2184614740000015 0.28272016300000047 56.829385119
57 133513.82263106902 34025.27483240975 132513.82263106902 33025.27483240975 0.2853102649999997 0.5972626820000002 57.331914616
58 142783.35485293478 34025.27483240975 141783.35485293478 33025.27483240975 0.5260218659999936 0.6130072540000029 58.217675027
59 200865.49004162828 34025.27483240975 199865.49004162828 33025.27483240975 0.20806204499999836 0.30675685500000327 59.357905431
60 200489.6501684936 34025.27483240975 199489.6501684936 33025.27483240975 0.49050009399999794 0.5399193149999988 59.874063194
61 51343.741206257444 34025.27483240975 50343.741206257444 33025.27483240975 0.15252422400000398 0.4059519150000028 60.908182468
62 229767.62796355906 34025.27483240975 228767.62796355906 33025.27483240975 0.8100825349999994 0.9247607759999994 61.467648694
63 236532.3623586793 34025.27483240975 235532.3623586793 33025.27483240975 0.38100055200000327 1.044392376999994 63.203923897
64 202107.68683229588 34025.27483240975 201107.68683229588 33025.27483240975 0.21294229900000516 0.26758873900000424 64.630403679
65 178969.19212821018 34025.27483240975 177969.19212821018 33025.27483240975 0.3077839299999994 0.3442751340000001 65.112491294
66 126434.91748435247 34025.27483240975 125434.91748435247 33025.27483240975 0.3770092249999948 3.0954838119999977 65.765907927
67 67083.94675420334 34025.27483240975 66083.94675420334 33025.27483240975 0.33056403400000534 0.4714730749999916 69.240738733
68 22438.342084755626 22438.342084755626 21438.342084755626 21438.342084755626 0.3176597880000003 0.31481110100000365 70.044514928
69 37152.31750787844 22438.342084755626 36152.31750787844 21438.342084755626 0.22947695599999918 0.29772342900000126 70.678587703
70 144246.79468912838 22438.342084755626 143246.79468912838 21438.342084755626 0.2445820889999908 0.2984341430000086 71.207107987
71 29011.839856640152 22438.342084755626 28011.839856640152 21438.342084755626 0.36713816799999677 0.4586828779999905 71.751645921
72 42480.995032146115 22438.342084755626 41480.995032146115 21438.342084755626 0.5029920059999995 2.8766915979999936 72.57862598
73 109942.20273225386 22438.342084755626 108942.20273225386 21438.342084755626 0.34350372900000536 3.1442208619999974 75.959335413
74 18366.575567662945 18366.575567662945 17366.575567662945 17366.575567662945 1.1486469369999952 1.6207866830000057 79.44818465
75 174879.73781051385 18366.575567662945 173879.73781051385 17366.575567662945 0.7161418840000096 0.840781731000007 82.220010071
76 25278.820636397777 18366.575567662945 24278.820636397777 17366.575567662945 0.38180065400000274 0.7510297310000027 83.778040613
77 139395.15363445098 18366.575567662945 138395.15363445098 17366.575567662945 0.2692878209999918 1.888358537000002 84.912269398
78 277510.70692013047 18366.575567662945 276510.70692013047 17366.575567662945 0.8028572719999971 1.573836519000011 87.071581765
79 62922.02704550789 18366.575567662945 61922.02704550789 17366.575567662945 0.21892540599999677 0.9423116480000004 89.449829849
80 65837.60903966606 18366.575567662945 64837.60903966606 17366.575567662945 0.5649074429999956 1.0178135880000099 90.612669085
81 165549.25237180456 18366.575567662945 164549.25237180456 17366.575567662945 0.5780917250000073 0.9535266070000006 92.196836652
82 156752.68969096502 18366.575567662945 155752.68969096502 17366.575567662945 0.1668966990000058 0.7228713989999989 93.729739765
83 21394.578435413016 18366.575567662945 20394.578435413016 17366.575567662945 0.8005970780000098 0.6448451130000024 94.62056603
84 428611.93713379605 18366.575567662945 427611.93713379605 17366.575567662945 0.22472402900000077 1.1622451650000016 96.094723408
85 45072.36673503384 18366.575567662945 44072.36673503384 17366.575567662945 0.31843535300001236 0.3995157579999926 97.483168087
86 62592.78817506158 18366.575567662945 61592.78817506158 17366.575567662945 0.3170274149999983 0.3533343300000098 98.202652534
87 127306.1252379634 18366.575567662945 126306.1252379634 17366.575567662945 0.2268105540000107 0.3189598219999965 98.874421913
88 57300.63627501313 18366.575567662945 56300.63627501313 17366.575567662945 0.32741639000001044 0.33969704700000136 99.421788458
89 23839.076386494784 18366.575567662945 22839.076386494784 17366.575567662945 0.32060460499999976 0.3428112689999949 100.090411567
90 67011.06855908182 18366.575567662945 66011.06855908182 17366.575567662945 0.24230376300000955 0.32828482600000086 100.755207194
91 47736.853339255795 18366.575567662945 46736.853339255795 17366.575567662945 0.34873243100000195 0.5401796889999986 101.327299247
92 99815.89385393397 18366.575567662945 98815.89385393397 17366.575567662945 0.354844975000006 0.36163333700000067 102.217800001
93 55743.484746921305 18366.575567662945 54743.484746921305 17366.575567662945 0.40472841599999754 0.3818628120000085 102.935766986
94 98903.43075638049 18366.575567662945 97903.43075638049 17366.575567662945 0.23196098900000095 0.3413187190000002 103.723912591
95 45255.64064280303 18366.575567662945 44255.64064280303 17366.575567662945 0.2318671849999987 0.30975702100001 104.298772273
96 271202.9326102414 18366.575567662945 270202.9326102414 17366.575567662945 0.35674123699999427 0.37413536199998987 104.841763852
97 31829.64435405429 18366.575567662945 30829.64435405429 17366.575567662945 0.23243244399999696 0.39948559400001216 105.574051808
98 155346.76347254196 18366.575567662945 154346.76347254196 17366.575567662945 0.5326859240000061 0.9065658350000092 106.207512082
99 171212.21608767865 18366.575567662945 170212.21608767865 17366.575567662945 0.2351526349999915 0.31117466700000307 107.648650584
100 256853.3185154455 18366.575567662945 255853.3185154455 17366.575567662945 0.23959727800000508 0.3103758540000001 108.196644836
101 251390.48575831004 18366.575567662945 250390.48575831004 17366.575567662945 0.8402131529999934 0.6832488360000042 108.747979872
102 85820.40069712348 18366.575567662945 84820.40069712348 17366.575567662945 0.21458714199999918 1.4627610769999961 110.272681996
103 11333.047676238604 11333.047676238604 10333.047676238604 10333.047676238604 0.22237969199998986 0.2888428750000003 111.951759967
104 107923.977063133 11333.047676238604 106923.977063133 10333.047676238604 0.3254349660000031 0.33809769700000913 112.464264689
105 138613.95013524758 11333.047676238604 137613.95013524758 10333.047676238604 0.2384862250000026 0.32796123299999635 113.129144257
106 544600.519925063 11333.047676238604 543600.519925063 10333.047676238604 0.33384164600001043 0.35611518100000694 113.697171536
107 76844.67929292753 11333.047676238604 75844.67929292753 10333.047676238604 0.23865668999999912 0.3209342279999987 114.388763794
108 166078.85599337777 11333.047676238604 165078.85599337777 10333.047676238604 0.4819431060000028 0.3217373299999906 114.949884644
109 176643.3784244911 11333.047676238604 175643.3784244911 10333.047676238604 0.2512133859999892 0.3543280060000029 115.754936391
110 64090.602857668746 11333.047676238604 63090.602857668746 10333.047676238604 0.2521402370000061 0.3269445190000084 116.36183623
111 336767.7530864971 11333.047676238604 335767.7530864971 10333.047676238604 0.25143777600000305 0.3291186229999994 116.94229662
112 245313.12910456143 11333.047676238604 244313.12910456143 10333.047676238604 0.35998920999999484 0.3667776110000034 117.52420616
113 58514.62838762712 11333.047676238604 57514.62838762712 10333.047676238604 0.3545483730000001 0.3689327490000096 118.252359468
114 415772.4873859616 11333.047676238604 414772.4873859616 10333.047676238604 0.8603777870000044 0.5141833429999991 118.977187587
115 242772.5863977031 11333.047676238604 241772.5863977031 10333.047676238604 0.7624294830000053 0.7455121149999968 120.353300363
116 117878.9441515851 11333.047676238604 116878.9441515851 10333.047676238604 0.5243821899999972 0.8256480069999981 121.862690739
117 48953.191118267256 11333.047676238604 47953.191118267256 10333.047676238604 0.2543403780000091 0.482219642000004 123.214183136
118 130643.24234947706 11333.047676238604 129643.24234947706 10333.047676238604 0.39209154200000285 0.38620589500000335 123.952144853
119 95042.16882276296 11333.047676238604 94042.16882276296 10333.047676238604 0.26384594900000025 0.5971247580000068 124.732192257
120 465874.61894194013 11333.047676238604 464874.61894194013 10333.047676238604 0.3446287059999946 0.48808252900001037 125.594622419
121 19083.207813966812 11333.047676238604 18083.207813966812 10333.047676238604 0.687188615999986 6.802859818000016 126.428749252
122 577318.6762004165 11333.047676238604 576318.6762004165 10333.047676238604 0.7567669709999905 0.7327428289999887 133.920201033
123 18260.056866827614 11333.047676238604 17260.056866827614 10333.047676238604 1.1977684119999878 0.8964679149999881 135.411135967
124 56892.94768519826 11333.047676238604 55892.94768519826 10333.047676238604 0.508633873000008 2.2559728969999924 137.506730813
125 71709.06115012245 11333.047676238604 70709.06115012245 10333.047676238604 0.3677079910000032 0.3603186039999855 140.272879659
126 132312.8422911248 11333.047676238604 131312.8422911248 10333.047676238604 0.31941626099998643 0.38582680799999025 141.00229604
127 328554.8824317862 11333.047676238604 327554.8824317862 10333.047676238604 0.5017759080000133 0.9581295689999934 141.709046324
128 45657.59862264645 11333.047676238604 44657.59862264645 10333.047676238604 0.36798682700000995 2.208198426000024 143.169884817
129 72566.42814821185 11333.047676238604 71566.42814821185 10333.047676238604 0.2689265889999888 0.34497026299999334 145.747546359
130 21430.187954165074 11333.047676238604 20430.187954165074 10333.047676238604 0.3877755160000049 0.5377909789999933 146.362840258
131 169748.1066223867 11333.047676238604 168748.1066223867 10333.047676238604 0.27490566100001956 1.4005290599999967 147.289998523
132 98355.43001769848 11333.047676238604 97355.43001769848 10333.047676238604 0.7977187890000152 0.8618578029999924 148.966925217
133 104552.07323893243 11333.047676238604 103552.07323893243 10333.047676238604 0.833285855000014 0.9013701920000017 150.628233031
134 139850.7585853172 11333.047676238604 138850.7585853172 10333.047676238604 1.6936172989999818 0.7776676670000029 152.364398153
135 219129.7605780629 11333.047676238604 218129.7605780629 10333.047676238604 0.3869002659999978 3.02508103400001 154.836875623
136 111233.6086169566 11333.047676238604 110233.6086169566 10333.047676238604 0.7234326960000033 4.275293459000011 158.249960449
137 185078.68239689898 11333.047676238604 184078.68239689898 10333.047676238604 0.5452299840000023 2.908334768000003 163.250043712
138 273976.46653333557 11333.047676238604 272976.46653333557 10333.047676238604 1.076897453000015 1.1689306889999784 166.705200204
139 76056.17675250603 11333.047676238604 75056.17675250603 10333.047676238604 0.2459671750000041 1.8298274969999966 168.952373595
140 87030.77547083014 11333.047676238604 86030.77547083014 10333.047676238604 0.7238721379999902 1.7042505999999946 171.02958898
141 48483.688317145694 11333.047676238604 47483.688317145694 10333.047676238604 1.4324301819999903 1.5999320839999882 173.459113035
142 119098.0576080034 11333.047676238604 118098.0576080034 10333.047676238604 1.0182532280000203 1.1955142680000108 176.503890842
143 47107.245548773404 11333.047676238604 46107.245548773404 10333.047676238604 0.9183662910000123 1.5932708880000064 178.718986177
144 215655.22310436107 11333.047676238604 214655.22310436107 10333.047676238604 1.4987671700000078 1.93100400900002 181.232547992
145 159296.9254610491 11333.047676238604 158296.9254610491 10333.047676238604 0.6270770760000062 1.2573747959999935 184.664139302
146 95796.46346843318 11333.047676238604 94796.46346843318 10333.047676238604 0.36987220199998205 4.839834074000009 186.55022448
147 108105.8847528732 11333.047676238604 107105.8847528732 10333.047676238604 0.37999094200000627 0.3976652059999992 191.761420901
148 68590.51110867871 11333.047676238604 67590.51110867871 10333.047676238604 0.3869218649999766 0.42708592100001397 192.540654281
149 294157.7140482532 11333.047676238604 293157.7140482532 10333.047676238604 0.6537549409999883 0.41696081599999957 193.356121163
150 85484.24878299511 11333.047676238604 84484.24878299511 10333.047676238604 1.305209978000022 1.5326519239999925 194.491544717
