"function evaluation" "current f(x)" "best-so-far f(x)" "current af(x)+b" "best af(x)+b" acq_opt_time model_fit_time cum_iteration_time
1 335467.63042315684 335467.63042315684 335332.50042315683 335332.50042315683 None None None
2 501314.66283210885 335467.63042315684 501179.53283210885 335332.50042315683 None None None
3 353447.9626603887 335467.63042315684 353312.83266038867 335332.50042315683 None None None
4 832104.23306444 335467.63042315684 831969.10306444 335332.50042315683 None None None
5 872707.3808734778 335467.63042315684 872572.2508734778 335332.50042315683 None None None
6 768559.5547869687 335467.63042315684 768424.4247869687 335332.50042315683 None None None
7 491593.2792231574 335467.63042315684 491458.1492231574 335332.50042315683 None None None
8 498219.9022246032 335467.63042315684 498084.7722246032 335332.50042315683 None None None
9 194061.47106056625 194061.47106056625 193926.34106056625 193926.34106056625 None None None
10 590643.0577205303 194061.47106056625 590507.9277205303 193926.34106056625 None None None
11 751385.4825056067 194061.47106056625 751250.3525056067 193926.34106056625 0.15252076599999986 0.1640766440000001 0
12 751385.4825056067 194061.47106056625 751250.3525056067 193926.34106056625 0.25500497800000055 0.23352522100000028 3.642602031
13 751385.4825056067 194061.47106056625 751250.3525056067 193926.34106056625 0.17431916100000056 0.23920453499999983 4.132338501
14 751385.4825056067 194061.47106056625 751250.3525056067 193926.34106056625 0.18807625500000036 0.2323334189999997 4.547296162
15 751385.4825056067 194061.47106056625 751250.3525056067 193926.34106056625 0.19242239699999963 0.24231517799999924 4.968968603
16 751385.4825056067 194061.47106056625 751250.3525056067 193926.34106056625 0.226103803 0.2564367180000007 5.405066011
17 751385.4825056067 194061.47106056625 751250.3525056067 193926.34106056625 0.343403479 0.29009145699999994 5.888918622
18 751385.4825056067 194061.47106056625 751250.3525056067 193926.34106056625 0.20279166999999987 0.27969397199999957 6.524059994
19 751385.4825056067 194061.47106056625 751250.3525056067 193926.34106056625 0.20418201100000033 0.26586052299999974 7.007919155
20 751385.4825056067 194061.47106056625 751250.3525056067 193926.34106056625 0.20321935500000077 0.2647740040000004 7.479254596
21 751385.4825056067 194061.47106056625 751250.3525056067 193926.34106056625 0.20335085900000038 0.2702406290000008 7.948551987
22 751385.4825056067 194061.47106056625 751250.3525056067 193926.34106056625 0.4193014829999999 0.26127763299999884 8.42366477
23 751385.4825056067 194061.47106056625 751250.3525056067 193926.34106056625 0.3996833950000003 0.5259718529999997 9.105448198
24 751385.4825056067 194061.47106056625 751250.3525056067 193926.34106056625 0.3618703330000006 0.6445293719999992 10.032347564
25 751385.4825056067 194061.47106056625 751250.3525056067 193926.34106056625 0.3207605820000001 0.7427153480000008 11.040267409
26 751385.4825056067 194061.47106056625 751250.3525056067 193926.34106056625 0.30711370700000096 0.5671021289999985 12.108034561
27 751385.4825056067 194061.47106056625 751250.3525056067 193926.34106056625 0.31062853100000076 0.6090072810000002 12.983837968
28 751385.4825056067 194061.47106056625 751250.3525056067 193926.34106056625 0.481362429999999 0.6846636149999998 13.904946184
29 751385.4825056067 194061.47106056625 751250.3525056067 193926.34106056625 0.37193109699999916 0.5386516829999994 15.072243336
30 751385.4825056067 194061.47106056625 751250.3525056067 193926.34106056625 0.5384775059999996 1.0636383049999996 15.984120013
31 751385.4825056067 194061.47106056625 751250.3525056067 193926.34106056625 0.31896521100000186 0.3086947809999998 17.588060913
32 751385.4825056067 194061.47106056625 751250.3525056067 193926.34106056625 0.20623108999999928 0.28136176699999993 18.217196135
33 751385.4825056067 194061.47106056625 751250.3525056067 193926.34106056625 0.20653701999999896 0.27576131400000037 18.706155035
34 751385.4825056067 194061.47106056625 751250.3525056067 193926.34106056625 0.2111452139999983 0.26584915300000134 19.189791906
35 751385.4825056067 194061.47106056625 751250.3525056067 193926.34106056625 0.21054694400000074 0.26799199999999956 19.668192253
36 751385.4825056067 194061.47106056625 751250.3525056067 193926.34106056625 0.21712233699999928 0.27552658299999777 20.148071132
37 751385.4825056067 194061.47106056625 751250.3525056067 193926.34106056625 0.20659598599999995 0.26356815599999805 20.642191972
38 751385.4825056067 194061.47106056625 751250.3525056067 193926.34106056625 0.44423339000000084 0.2968374400000009 21.113879218
39 751385.4825056067 194061.47106056625 751250.3525056067 193926.34106056625 0.3595867360000007 0.515738399 21.856924176
40 751385.4825056067 194061.47106056625 751250.3525056067 193926.34106056625 0.3616496490000003 0.3257397019999999 22.733632482
41 751385.4825056067 194061.47106056625 751250.3525056067 193926.34106056625 0.22700520300000093 0.2986529599999983 23.422545976
42 751385.4825056067 194061.47106056625 751250.3525056067 193926.34106056625 0.3442203180000014 0.3359347299999982 23.94963378
43 751385.4825056067 194061.47106056625 751250.3525056067 193926.34106056625 0.2178916899999983 0.3112296420000007 24.631391264
44 751385.4825056067 194061.47106056625 751250.3525056067 193926.34106056625 0.22069621599999678 0.3613246719999985 25.162023155
45 751385.4825056067 194061.47106056625 751250.3525056067 193926.34106056625 0.3271836740000005 0.32019283700000045 25.745648988
46 751385.4825056067 194061.47106056625 751250.3525056067 193926.34106056625 0.30565961799999997 0.314640439999998 26.394570284
47 751385.4825056067 194061.47106056625 751250.3525056067 193926.34106056625 0.21939011799999975 0.2749920930000016 27.016208184
48 751385.4825056067 194061.47106056625 751250.3525056067 193926.34106056625 0.30188885599999793 0.6419574830000023 27.511967668
49 751385.4825056067 194061.47106056625 751250.3525056067 193926.34106056625 0.33860886599999773 0.5205497209999983 28.45735655
50 751385.4825056067 194061.47106056625 751250.3525056067 193926.34106056625 0.2087008180000005 0.28772306400000147 29.317937351
51 751385.4825056067 194061.47106056625 751250.3525056067 193926.34106056625 0.22463659199999952 0.26799131499999973 29.815794706
52 751385.4825056067 194061.47106056625 751250.3525056067 193926.34106056625 0.2077146290000016 0.3803783840000001 30.309917064
53 751385.4825056067 194061.47106056625 751250.3525056067 193926.34106056625 0.30408484800000224 0.30215420100000046 30.899368051
54 751385.4825056067 194061.47106056625 751250.3525056067 193926.34106056625 0.2155772270000007 0.2694809119999988 31.507163311
55 751385.4825056067 194061.47106056625 751250.3525056067 193926.34106056625 0.301343530000004 0.31626688499999744 31.993688306
56 751385.4825056067 194061.47106056625 751250.3525056067 193926.34106056625 0.21649787199999793 0.2763541719999978 32.6127896
57 751385.4825056067 194061.47106056625 751250.3525056067 193926.34106056625 0.24111171900000272 0.4190711190000016 33.107087418
58 751385.4825056067 194061.47106056625 751250.3525056067 193926.34106056625 0.21396883299999558 0.2896274109999979 33.768680004
59 751385.4825056067 194061.47106056625 751250.3525056067 193926.34106056625 0.2326203989999982 0.28598190799999657 34.274056953
60 751385.4825056067 194061.47106056625 751250.3525056067 193926.34106056625 0.34426226499999757 0.33159318100000235 34.794222917
61 751385.4825056067 194061.47106056625 751250.3525056067 193926.34106056625 0.24400399399999628 0.3168429519999947 35.471932372
62 751385.4825056067 194061.47106056625 751250.3525056067 193926.34106056625 0.2503520500000036 0.31557851800000236 36.034351159
63 751385.4825056067 194061.47106056625 751250.3525056067 193926.34106056625 0.43338654000000076 0.3284134239999972 36.601879759
64 751385.4825056067 194061.47106056625 751250.3525056067 193926.34106056625 0.2314208370000017 0.3169730429999973 37.365239443
65 751385.4825056067 194061.47106056625 751250.3525056067 193926.34106056625 0.22911276199999975 0.2931133550000027 37.915079189
66 751385.4825056067 194061.47106056625 751250.3525056067 193926.34106056625 0.22916333300000247 0.2932411359999989 38.43874305
67 751385.4825056067 194061.47106056625 751250.3525056067 193926.34106056625 0.2277106720000006 0.29254971900000015 38.962642163
68 751385.4825056067 194061.47106056625 751250.3525056067 193926.34106056625 0.21518633899999884 0.2771601600000011 39.484566475
69 751385.4825056067 194061.47106056625 751250.3525056067 193926.34106056625 0.21330806200000296 0.27768190799999815 39.978346101
70 751385.4825056067 194061.47106056625 751250.3525056067 193926.34106056625 0.4133323909999973 0.3122714980000012 40.470616789
71 751385.4825056067 194061.47106056625 751250.3525056067 193926.34106056625 0.3186477269999983 0.3382145360000024 41.197681977
72 751385.4825056067 194061.47106056625 751250.3525056067 193926.34106056625 0.22513377699999637 0.29911696499999607 41.856067773
73 751385.4825056067 194061.47106056625 751250.3525056067 193926.34106056625 0.21401524899999913 0.2951343410000007 42.381841793
74 751385.4825056067 194061.47106056625 751250.3525056067 193926.34106056625 0.21390810400000504 0.2855473309999965 42.892404978
75 751385.4825056067 194061.47106056625 751250.3525056067 193926.34106056625 0.21372473799999625 0.34295034599999497 43.393186497
76 751385.4825056067 194061.47106056625 751250.3525056067 193926.34106056625 0.22468173299999705 0.28482224100000053 43.95118334
77 751385.4825056067 194061.47106056625 751250.3525056067 193926.34106056625 0.456151387999995 0.31736785300000037 44.462076872
78 751385.4825056067 194061.47106056625 751250.3525056067 193926.34106056625 0.22817218099999792 0.3320107249999964 45.23716146
79 751385.4825056067 194061.47106056625 751250.3525056067 193926.34106056625 0.22991546999999457 0.30891292800000514 45.799006894
80 751385.4825056067 194061.47106056625 751250.3525056067 193926.34106056625 0.21843805299999985 0.29157549199999977 46.339291953
81 751385.4825056067 194061.47106056625 751250.3525056067 193926.34106056625 0.33418007299999886 0.4027526200000011 46.850680713
82 751385.4825056067 194061.47106056625 751250.3525056067 193926.34106056625 0.3243438060000017 0.3879746849999961 47.589226672
83 751385.4825056067 194061.47106056625 751250.3525056067 193926.34106056625 0.3551429940000048 0.33283745399999987 48.302914653
84 751385.4825056067 194061.47106056625 751250.3525056067 193926.34106056625 0.3315179280000038 0.325837178999997 48.992304858
85 751385.4825056067 194061.47106056625 751250.3525056067 193926.34106056625 0.23293672500000184 0.30254244799999697 49.651132951
86 751385.4825056067 194061.47106056625 751250.3525056067 193926.34106056625 0.31714730999999574 0.3280711880000027 50.188039705
87 751385.4825056067 194061.47106056625 751250.3525056067 193926.34106056625 0.21944805999999772 0.30589801300000374 50.834663597
88 751385.4825056067 194061.47106056625 751250.3525056067 193926.34106056625 0.23182855700000005 0.29502855100000147 51.361398301
89 751385.4825056067 194061.47106056625 751250.3525056067 193926.34106056625 0.22899390299999567 0.30536028999999587 51.889818987
90 751385.4825056067 194061.47106056625 751250.3525056067 193926.34106056625 0.4749579050000037 0.3286235469999994 52.426090868
91 751385.4825056067 194061.47106056625 751250.3525056067 193926.34106056625 0.2377320780000005 0.3430112799999989 53.231546276
92 751385.4825056067 194061.47106056625 751250.3525056067 193926.34106056625 0.23555620200000504 0.30765982699999483 53.813917285
93 751385.4825056067 194061.47106056625 751250.3525056067 193926.34106056625 0.2224681919999938 0.29799667099999994 54.358654225
94 751385.4825056067 194061.47106056625 751250.3525056067 193926.34106056625 0.2225318209999969 0.30143022200000047 54.880564618
95 751385.4825056067 194061.47106056625 751250.3525056067 193926.34106056625 0.37121333000000334 0.3579880280000012 55.405894708
96 751385.4825056067 194061.47106056625 751250.3525056067 193926.34106056625 0.24988047699999782 0.439325629999999 56.13692501
97 751385.4825056067 194061.47106056625 751250.3525056067 193926.34106056625 0.22797473500000365 0.30110449299999686 56.827574447
98 751385.4825056067 194061.47106056625 751250.3525056067 193926.34106056625 1.1824148620000017 9.203010809000006 57.358293148
99 751385.4825056067 194061.47106056625 751250.3525056067 193926.34106056625 0.4447535139999985 1.6136342510000077 67.745492335
100 751385.4825056067 194061.47106056625 751250.3525056067 193926.34106056625 0.26094672899999694 0.3459582600000033 69.805499365
101 751385.4825056067 194061.47106056625 751250.3525056067 193926.34106056625 0.6277388080000037 0.45813912300000936 70.414048463
102 751385.4825056067 194061.47106056625 751250.3525056067 193926.34106056625 1.0788764030000095 0.8879720129999953 71.501989612
103 751385.4825056067 194061.47106056625 751250.3525056067 193926.34106056625 0.8616811809999945 1.3687922259999965 73.472082126
104 751385.4825056067 194061.47106056625 751250.3525056067 193926.34106056625 1.0455359839999971 0.8043530780000054 75.704436048
105 751385.4825056067 194061.47106056625 751250.3525056067 193926.34106056625 0.9175869970000008 1.0389462879999911 77.555905833
106 751385.4825056067 194061.47106056625 751250.3525056067 193926.34106056625 0.6783922789999934 0.7379564280000039 79.514383061
107 751385.4825056067 194061.47106056625 751250.3525056067 193926.34106056625 1.0915368250000057 0.8105220529999997 80.932952702
108 751385.4825056067 194061.47106056625 751250.3525056067 193926.34106056625 1.9418288570000044 1.6032108859999994 82.83677223
109 751385.4825056067 194061.47106056625 751250.3525056067 193926.34106056625 0.5870243539999933 1.4376458719999903 86.383491743
110 751385.4825056067 194061.47106056625 751250.3525056067 193926.34106056625 0.7727621469999946 0.7270487629999991 88.409843145
111 751385.4825056067 194061.47106056625 751250.3525056067 193926.34106056625 0.7634389880000043 0.8480116709999947 89.911245733
112 751385.4825056067 194061.47106056625 751250.3525056067 193926.34106056625 0.937871518999998 1.0007011140000088 91.525613072
113 751385.4825056067 194061.47106056625 751250.3525056067 193926.34106056625 0.42910859600000606 1.2956515109999884 93.465836636
114 751385.4825056067 194061.47106056625 751250.3525056067 193926.34106056625 0.5498452249999985 0.9974034929999931 95.192286952
115 751385.4825056067 194061.47106056625 751250.3525056067 193926.34106056625 0.28356313000000455 0.46810827799998833 96.741735389
116 751385.4825056067 194061.47106056625 751250.3525056067 193926.34106056625 0.27621585400000015 0.36576787199999217 97.495066648
117 751385.4825056067 194061.47106056625 751250.3525056067 193926.34106056625 0.9880500889999979 0.3774627490000029 98.13875575
118 751385.4825056067 194061.47106056625 751250.3525056067 193926.34106056625 0.7313410379999965 0.7078996469999908 99.505781926
119 751385.4825056067 194061.47106056625 751250.3525056067 193926.34106056625 0.530776447000008 0.6629882269999996 100.946497978
120 751385.4825056067 194061.47106056625 751250.3525056067 193926.34106056625 0.8354779719999925 0.7943193239999999 102.141986175
121 751385.4825056067 194061.47106056625 751250.3525056067 193926.34106056625 0.34875058499999056 1.876205043000013 103.773547508
122 751385.4825056067 194061.47106056625 751250.3525056067 193926.34106056625 0.26631366899999875 0.32368360099999904 105.999891659
123 751385.4825056067 194061.47106056625 751250.3525056067 193926.34106056625 0.5016832929999993 0.6003674219999908 106.591338092
124 751385.4825056067 194061.47106056625 751250.3525056067 193926.34106056625 0.3904187819999976 0.8467198279999906 107.694816829
125 751385.4825056067 194061.47106056625 751250.3525056067 193926.34106056625 0.2539871780000027 0.4986083459999975 108.933779664
126 751385.4825056067 194061.47106056625 751250.3525056067 193926.34106056625 0.2493223740000019 0.33585876800000847 109.688016935
127 751385.4825056067 194061.47106056625 751250.3525056067 193926.34106056625 0.36375913000000537 0.37268398999999874 110.274643372
128 751385.4825056067 194061.47106056625 751250.3525056067 193926.34106056625 0.40264328400000693 0.6249052739999996 111.012582759
129 751385.4825056067 194061.47106056625 751250.3525056067 193926.34106056625 0.2536211150000014 0.3894746470000001 112.041805919
130 751385.4825056067 194061.47106056625 751250.3525056067 193926.34106056625 1.1310880070000024 0.7937071540000034 112.686564704
131 751385.4825056067 194061.47106056625 751250.3525056067 193926.34106056625 1.408802511999994 0.8438906300000042 114.613115627
132 751385.4825056067 194061.47106056625 751250.3525056067 193926.34106056625 1.3844380390000026 1.1879364589999994 116.867425285
133 751385.4825056067 194061.47106056625 751250.3525056067 193926.34106056625 0.23186689299998875 2.4763709209999973 119.442462958
134 751385.4825056067 194061.47106056625 751250.3525056067 193926.34106056625 0.23974366499999178 0.2910402660000102 122.152130913
135 751385.4825056067 194061.47106056625 751250.3525056067 193926.34106056625 0.38145352799999444 0.41382723699999246 122.684375457
136 751385.4825056067 194061.47106056625 751250.3525056067 193926.34106056625 0.2800935349999918 0.3980384139999984 123.481031938
137 751385.4825056067 194061.47106056625 751250.3525056067 193926.34106056625 0.8198142629999978 0.6119005950000087 124.160610383
138 751385.4825056067 194061.47106056625 751250.3525056067 193926.34106056625 0.3765752169999814 3.604880492999996 125.593824499
139 751385.4825056067 194061.47106056625 751250.3525056067 193926.34106056625 0.26255579299999 0.35521948900000666 129.577234135
140 751385.4825056067 194061.47106056625 751250.3525056067 193926.34106056625 0.2888253550000002 0.37324008100000583 130.196466167
141 751385.4825056067 194061.47106056625 751250.3525056067 193926.34106056625 0.27510052799999585 0.35467753200001084 130.860026882
142 751385.4825056067 194061.47106056625 751250.3525056067 193926.34106056625 0.794254063000011 0.4382708690000072 131.491266596
143 751385.4825056067 194061.47106056625 751250.3525056067 193926.34106056625 0.2812673829999994 0.44984681100001467 132.725328268
144 751385.4825056067 194061.47106056625 751250.3525056067 193926.34106056625 0.274724956 0.43536683700000367 133.458053144
145 751385.4825056067 194061.47106056625 751250.3525056067 193926.34106056625 0.5543242020000037 0.7063905230000103 134.169871729
146 751385.4825056067 194061.47106056625 751250.3525056067 193926.34106056625 0.30149139499999933 0.9757756040000061 135.432255505
147 751385.4825056067 194061.47106056625 751250.3525056067 193926.34106056625 0.46518585300000836 0.4562917769999899 136.710999039
148 751385.4825056067 194061.47106056625 751250.3525056067 193926.34106056625 0.7426603909999869 2.804102809999989 137.634064066
149 751385.4825056067 194061.47106056625 751250.3525056067 193926.34106056625 0.5361330860000066 1.376018498999997 141.182431251
150 751385.4825056067 194061.47106056625 751250.3525056067 193926.34106056625 0.4869828750000238 2.3886522970000215 143.096341446
