"function evaluation" "current f(x)" "best-so-far f(x)" "current af(x)+b" "best af(x)+b" acq_opt_time model_fit_time cum_iteration_time
1 14110373609.68656 14110373609.68656 14110372988.57656 14110372988.57656 None None None
2 3263477493.383078 3263477493.383078 3263476872.273078 3263476872.273078 None None None
3 8048.058274019631 8048.058274019631 7426.948274019632 7426.948274019632 0.021577095000000046 0.019097307000000008 0
4 734382.2971161329 8048.058274019631 733761.1871161329 7426.948274019632 0.03627747900000022 0.05798548299999995 3.858900663
5 270387175.6167746 8048.058274019631 270386554.5067746 7426.948274019632 0.025759962000000414 0.06266795800000002 3.954381092
6 5475150.599927529 8048.058274019631 5474529.489927528 7426.948274019632 0.029141991000000367 0.06584349800000044 4.043969016
7 59244187720.7481 8048.058274019631 59244187099.6381 7426.948274019632 0.027216200999999884 0.0668616739999992 4.140382178
8 62851645.96689558 8048.058274019631 62851024.85689558 7426.948274019632 0.029718412999999444 0.06590287700000008 4.235692574
9 3104436.075552207 8048.058274019631 3103814.965552207 7426.948274019632 0.026822881000000187 0.06536659100000008 4.332561521
10 3542245500.4758134 8048.058274019631 3542244879.3658133 7426.948274019632 0.026711897000000207 0.0693113529999998 4.425984798
11 238129041.81476364 8048.058274019631 238128420.70476362 7426.948274019632 0.02716654099999971 0.06780241799999942 4.523452329
12 1031298.7428716683 8048.058274019631 1030677.6328716683 7426.948274019632 0.02809622399999956 0.07016532100000017 4.619658045
13 10726818.388460977 8048.058274019631 10726197.278460978 7426.948274019632 0.038466163999999914 0.08606808499999996 4.719140363
14 183887754.14906052 8048.058274019631 183887133.0390605 7426.948274019632 0.029103238000000253 0.07794939999999961 4.845588362
15 870599307.2747487 8048.058274019631 870598686.1647487 7426.948274019632 0.030207703000000308 0.07434792899999998 4.954148885
16 218353.12958342367 8048.058274019631 217732.01958342368 7426.948274019632 0.029537096000000318 0.07797825699999983 5.060325306
17 58813918336.14933 8048.058274019631 58813917715.03933 7426.948274019632 0.033604636999999826 0.08146412199999986 5.169424635
18 58440975236.80234 8048.058274019631 58440974615.69234 7426.948274019632 0.03315264499999948 0.08878470600000021 5.286005793
19 1042597.0246048007 8048.058274019631 1041975.9146048008 7426.948274019632 0.044993346000000045 0.09572169600000002 5.409440823
20 57030698.02675575 8048.058274019631 57030076.91675575 7426.948274019632 0.0491655410000007 0.12412500900000012 5.55219474
21 959468.247465836 8048.058274019631 958847.137465836 7426.948274019632 0.04717355799999989 0.12311062900000014 5.727743611
22 4762966238.11807 8048.058274019631 4762965617.00807 7426.948274019632 0.048257909000000154 0.11966488699999989 5.900210446
23 7667366878.171339 8048.058274019631 7667366257.061339 7426.948274019632 0.04974614999999982 0.12812382200000005 6.070136945
24 173652.42575756728 8048.058274019631 173031.3157575673 7426.948274019632 0.03582298499999936 0.12110848100000027 6.250111097
25 93026419.9285585 8048.058274019631 93025798.8185585 7426.948274019632 0.035148904999999786 0.09004227699999934 6.408948519
26 263739.5443734357 8048.058274019631 263118.43437343574 7426.948274019632 0.03480268500000072 0.09066074999999962 6.535708182
27 16271438629.268269 8048.058274019631 16271438008.158268 7426.948274019632 0.0354736279999992 0.09296402000000015 6.662776025
28 22777072293.316395 8048.058274019631 22777071672.206394 7426.948274019632 0.03545834499999945 0.09302792700000051 6.793228279
29 384638.62166142446 8048.058274019631 384017.5116614245 7426.948274019632 0.05283303900000025 0.1293936579999997 6.923693419
30 3363317.0736749605 8048.058274019631 3362695.9636749607 7426.948274019632 0.05303179799999924 0.1401776459999997 7.108298798
31 748617912.6590155 8048.058274019631 748617291.5490155 7426.948274019632 0.05401312600000008 0.13772956800000014 7.30408256
32 6270060105.86542 8048.058274019631 6270059484.755421 7426.948274019632 0.05369459399999954 0.13905457999999982 7.498081515
33 454616747.501842 8048.058274019631 454616126.391842 7426.948274019632 0.05409392000000057 0.14217727299999972 7.693575069
34 2389118417.184976 8048.058274019631 2389117796.074976 7426.948274019632 0.053298588000000535 0.13880590799999926 7.892430548
35 31790185.734779414 8048.058274019631 31789564.624779414 7426.948274019632 0.056558741999999995 0.14866895100000121 8.086717382
36 2042.032331163845 2042.032331163845 1420.9223311638448 1420.9223311638448 0.03999812600000041 0.11029922999999897 8.294238383
37 72738.09125963882 2042.032331163845 72116.98125963882 1420.9223311638448 0.03947294700000015 0.10624194000000031 8.446428241
38 212167.83461169802 2042.032331163845 211546.72461169804 1420.9223311638448 0.042072255999999086 0.10572359199999859 8.594605368
39 247028.3788256469 2042.032331163845 246407.26882564693 1420.9223311638448 0.039669772999999964 0.10406011999999976 8.744192797
40 18173273.407981128 2042.032331163845 18172652.297981128 1420.9223311638448 0.043337200999999936 0.12204123699999947 8.889984007
41 1132148158.7885087 2042.032331163845 1132147537.6785088 1420.9223311638448 0.04417658599999896 0.12314892800000088 9.05726908
42 58223698707.040794 2042.032331163845 58223698085.93079 1420.9223311638448 0.04401986400000091 0.12002679499999935 9.22944066
43 6481930.050468718 2042.032331163845 6481308.940468717 1420.9223311638448 0.04214860199999926 0.11487957899999834 9.3955609
44 136784204.31462553 2042.032331163845 136783583.20462552 1420.9223311638448 0.044480291999999366 0.11318165800000024 9.554566195
45 304315.6671981672 2042.032331163845 303694.5571981672 1420.9223311638448 0.04288748099999928 0.11768948599999973 9.714456867
46 970595.8406159194 2042.032331163845 969974.7306159195 1420.9223311638448 0.04253117199999856 0.11178369599999982 9.877645003
47 3233383666.1499815 2042.032331163845 3233383045.0399814 1420.9223311638448 0.04195642700000057 0.11201277300000001 10.033899979
48 11756246072.035973 2042.032331163845 11756245450.925972 1420.9223311638448 0.04307663099999992 0.11049597400000088 10.189785865
49 18592.71811177224 2042.032331163845 17971.60811177224 1420.9223311638448 0.04242688499999936 0.11777834199999937 10.345362357
50 1057901.104113796 2042.032331163845 1057279.994113796 1420.9223311638448 0.04428869800000079 0.11369881899999967 10.50807691
51 809483875.0569141 2042.032331163845 809483253.9469141 1420.9223311638448 0.05326488399999896 0.11498850799999971 10.668027292
52 3418.1457685485384 2042.032331163845 2797.0357685485383 1420.9223311638448 0.04139876799999875 0.11631245899999954 10.838970328
53 1019139.485282255 2042.032331163845 1018518.375282255 1420.9223311638448 0.04359928899999943 0.11562173300000111 10.998995455
54 1113465843.9853425 2042.032331163845 1113465222.8753426 1420.9223311638448 0.05947285799999946 0.137412286 11.160487227
55 94057441.34112625 2042.032331163845 94056820.23112625 1420.9223311638448 0.0613724659999999 0.1634017209999996 11.359945329
56 9471684.554063465 2042.032331163845 9471063.444063466 1420.9223311638448 0.0592063060000001 0.1672951410000003 11.587273554
57 3012547.8870193604 2042.032331163845 3011926.7770193606 1420.9223311638448 0.06262084699999981 0.16664078999999887 11.816280823
58 26569033.119388733 2042.032331163845 26568412.009388734 1420.9223311638448 0.06078921599999987 0.16461341699999998 12.048664015
59 225072.38920551687 2042.032331163845 224451.27920551688 1420.9223311638448 0.060666397000000316 0.16814198299999994 12.276780008
60 3128148.192071271 2042.032331163845 3127527.0820712713 1420.9223311638448 0.04090800200000011 0.16344273800000053 12.508626272
61 23644.68956619851 2042.032331163845 23023.57956619851 1420.9223311638448 0.04320160999999878 0.135877322999999 12.715122608
62 623309356.3964508 2042.032331163845 623308735.2864507 1420.9223311638448 0.04387466100000026 0.1356683580000002 12.896315885
63 815268.7959668209 2042.032331163845 814647.6859668209 1420.9223311638448 0.042576232999998354 0.12031493499999968 13.078038617
64 18328.939150970284 2042.032331163845 17707.829150970283 1420.9223311638448 0.050251431999999596 0.11984567000000013 13.242955121
65 21363.970198081406 2042.032331163845 20742.860198081406 1420.9223311638448 0.0450752940000001 0.12459293799999926 13.415356257
66 21630.667286455995 2042.032331163845 21009.557286455994 1420.9223311638448 0.04450171600000097 0.12540209400000002 13.587539498
67 33318.83321559722 2042.032331163845 32697.723215597216 1420.9223311638448 0.04421781899999999 0.1257951179999992 13.759553193
68 2885876.0461252145 2042.032331163845 2885254.9361252147 1420.9223311638448 0.04979780600000083 0.14397539900000034 13.931718077
69 36239776.78962713 2042.032331163845 36239155.67962713 1420.9223311638448 0.053008404999999925 0.1491296550000012 14.128376628
70 9826275.542597424 2042.032331163845 9825654.432597425 1420.9223311638448 0.047811282999999705 0.15129062599999976 14.333136807
