"function evaluation" "current f(x)" "best-so-far f(x)" "current af(x)+b" "best af(x)+b" acq_opt_time model_fit_time cum_iteration_time
1 84.776671503209 84.776671503209 395.396671503209 395.396671503209 None None None
2 85.89795000813132 84.776671503209 396.5179500081313 395.396671503209 None None None
3 63.88104806361332 63.88104806361332 374.5010480636133 374.5010480636133 None None None
4 82.05803388241429 63.88104806361332 392.6780338824143 374.5010480636133 None None None
5 83.08897093391477 63.88104806361332 393.70897093391477 374.5010480636133 None None None
6 70.73565754527709 63.88104806361332 381.3556575452771 374.5010480636133 None None None
7 81.96137746526205 63.88104806361332 392.58137746526205 374.5010480636133 None None None
8 80.83762273469 63.88104806361332 391.45762273469 374.5010480636133 None None None
9 78.45229356960033 63.88104806361332 389.07229356960033 374.5010480636133 None None None
10 80.00612631746287 63.88104806361332 390.6261263174629 374.5010480636133 None None None
11 85.57329816186598 63.88104806361332 396.193298161866 374.5010480636133 0.16012139199999975 0.1749272099999999 0
12 85.57329816186598 63.88104806361332 396.193298161866 374.5010480636133 0.27121034399999955 0.22591720399999993 3.765017676
13 85.57329816186598 63.88104806361332 396.193298161866 374.5010480636133 0.3746174440000001 0.27295035000000034 4.263418217
14 85.57329816186598 63.88104806361332 396.193298161866 374.5010480636133 0.35450885300000046 0.4769710119999999 4.933970268
15 85.57329816186598 63.88104806361332 396.193298161866 374.5010480636133 0.6024383379999998 0.29579397100000016 5.858704506
16 85.57329816186598 63.88104806361332 396.193298161866 374.5010480636133 0.576073343 0.31027961199999954 6.758252219
17 85.57329816186598 63.88104806361332 396.193298161866 374.5010480636133 0.43932447199999913 0.3268723680000001 7.646181195
18 85.57329816186598 63.88104806361332 396.193298161866 374.5010480636133 0.21145065500000015 0.32794134699999944 8.413980207
19 85.57329816186598 63.88104806361332 396.193298161866 374.5010480636133 0.2037867509999991 0.26810951299999886 8.955135217
20 85.57329816186598 63.88104806361332 396.193298161866 374.5010480636133 0.2043642770000016 0.27763921799999913 9.428590868
21 85.57329816186598 63.88104806361332 396.193298161866 374.5010480636133 0.2040366510000009 0.27153143700000015 9.912008053
22 85.57329816186598 63.88104806361332 396.193298161866 374.5010480636133 0.5301141620000003 0.26590840400000104 10.389078301
23 85.57329816186598 63.88104806361332 396.193298161866 374.5010480636133 0.2562100600000008 0.45463081699999996 11.186591076
24 85.57329816186598 63.88104806361332 396.193298161866 374.5010480636133 0.3051757290000001 0.3275919820000013 11.898884463
25 85.57329816186598 63.88104806361332 396.193298161866 374.5010480636133 0.2974833780000008 0.29053215000000066 12.53306917
26 85.57329816186598 63.88104806361332 396.193298161866 374.5010480636133 0.2174365180000013 0.2703954940000006 13.122457372
27 85.57329816186598 63.88104806361332 396.193298161866 374.5010480636133 0.2594755209999988 0.2787284519999993 13.611949809
28 85.57329816186598 63.88104806361332 396.193298161866 374.5010480636133 0.3102531129999999 0.32681788500000053 14.151967279
29 85.57329816186598 63.88104806361332 396.193298161866 374.5010480636133 0.21337174599999997 0.27627957399999836 14.790498028
30 85.57329816186598 63.88104806361332 396.193298161866 374.5010480636133 0.31223479600000026 0.3071765510000013 15.281666611
31 85.57329816186598 63.88104806361332 396.193298161866 374.5010480636133 0.2984207740000002 0.8157701179999997 15.904953807
32 85.57329816186598 63.88104806361332 396.193298161866 374.5010480636133 0.21195444299999977 0.2988919889999977 17.020612473
33 85.57329816186598 63.88104806361332 396.193298161866 374.5010480636133 0.2331394770000017 0.3611721010000011 17.533003786
34 85.57329816186598 63.88104806361332 396.193298161866 374.5010480636133 0.2135121999999967 0.27136764500000154 18.128820908
35 85.57329816186598 63.88104806361332 396.193298161866 374.5010480636133 0.21586198600000017 0.2739910830000021 18.615254789
36 85.57329816186598 63.88104806361332 396.193298161866 374.5010480636133 0.20790061099999946 0.27497832600000294 19.106574806
37 85.57329816186598 63.88104806361332 396.193298161866 374.5010480636133 0.3719543879999989 0.33390361699999715 19.590918384
38 85.57329816186598 63.88104806361332 396.193298161866 374.5010480636133 0.3497636469999996 0.6627965289999977 20.298239626
39 85.57329816186598 63.88104806361332 396.193298161866 374.5010480636133 0.29685256499999824 0.6095512470000024 21.312271668
40 85.57329816186598 63.88104806361332 396.193298161866 374.5010480636133 0.298845601 0.5244139539999999 22.220106383
41 85.57329816186598 63.88104806361332 396.193298161866 374.5010480636133 0.30373206699999855 0.270668165 23.04534914
42 85.57329816186598 63.88104806361332 396.193298161866 374.5010480636133 0.3031817369999992 0.3156635879999996 23.62092379
43 85.57329816186598 63.88104806361332 396.193298161866 374.5010480636133 0.20777884299999982 0.2712927260000022 24.241194961
44 85.57329816186598 63.88104806361332 396.193298161866 374.5010480636133 0.20821844800000022 0.28386935400000013 24.72162905
45 85.57329816186598 63.88104806361332 396.193298161866 374.5010480636133 0.30250635700000217 0.30090271499999943 25.215242716
46 85.57329816186598 63.88104806361332 396.193298161866 374.5010480636133 0.34212637899999976 0.3081566659999986 25.820154389
47 85.57329816186598 63.88104806361332 396.193298161866 374.5010480636133 0.3250938060000017 0.29239074899999906 26.472126731
48 85.57329816186598 63.88104806361332 396.193298161866 374.5010480636133 0.2999827119999985 0.7058514499999973 27.091143922
49 85.57329816186598 63.88104806361332 396.193298161866 374.5010480636133 0.33689106300000304 0.4040235519999982 28.098371874
50 85.57329816186598 63.88104806361332 396.193298161866 374.5010480636133 0.20939221199999736 0.27626270900000094 28.840784713
51 85.57329816186598 63.88104806361332 396.193298161866 374.5010480636133 0.22696806500000122 0.2678162509999993 29.327857315
52 85.57329816186598 63.88104806361332 396.193298161866 374.5010480636133 0.2081208299999986 0.40609213699999813 29.824122084
53 85.57329816186598 63.88104806361332 396.193298161866 374.5010480636133 0.38372443900000164 0.30366015999999973 30.439778634
54 85.57329816186598 63.88104806361332 396.193298161866 374.5010480636133 0.21220733500000222 0.31948935699999836 31.13080536
55 85.57329816186598 63.88104806361332 396.193298161866 374.5010480636133 0.299878489000001 0.31030096299999954 31.663979847
56 85.57329816186598 63.88104806361332 396.193298161866 374.5010480636133 0.2100883200000041 0.27730444299999846 32.275586255
57 85.57329816186598 63.88104806361332 396.193298161866 374.5010480636133 0.210011190000003 0.2744989200000063 32.764404228
58 85.57329816186598 63.88104806361332 396.193298161866 374.5010480636133 0.20953335299999765 0.2758892179999961 33.250297603
59 85.57329816186598 63.88104806361332 396.193298161866 374.5010480636133 0.21650327199999708 0.29274597199999874 33.737106184
60 85.57329816186598 63.88104806361332 396.193298161866 374.5010480636133 0.30530898100000314 0.3131616669999957 34.24790768
61 85.57329816186598 63.88104806361332 396.193298161866 374.5010480636133 0.2581425039999985 0.5369890540000029 34.86778315
62 85.57329816186598 63.88104806361332 396.193298161866 374.5010480636133 0.3259491990000001 0.49436931799999684 35.66451609
63 85.57329816186598 63.88104806361332 396.193298161866 374.5010480636133 0.19786656600000185 1.9966085129999982 36.486614248
64 85.57329816186598 63.88104806361332 396.193298161866 374.5010480636133 0.20973936299999707 0.2707360209999976 38.682545621
65 85.57329816186598 63.88104806361332 396.193298161866 374.5010480636133 0.21604200799999518 0.2717376749999971 39.164393749
66 85.57329816186598 63.88104806361332 396.193298161866 374.5010480636133 0.21921437800000376 0.2877563460000019 39.653569071
67 85.57329816186598 63.88104806361332 396.193298161866 374.5010480636133 0.22907733400000296 0.28771970199999686 40.161976224
68 85.57329816186598 63.88104806361332 396.193298161866 374.5010480636133 0.22035516100000052 0.2866387190000026 40.680361943
69 85.57329816186598 63.88104806361332 396.193298161866 374.5010480636133 0.24370014699999842 0.3656658849999985 41.188833781
70 85.57329816186598 63.88104806361332 396.193298161866 374.5010480636133 0.4793148740000035 0.3161271079999963 41.79963914
71 85.57329816186598 63.88104806361332 396.193298161866 374.5010480636133 0.3158356190000049 0.3096883910000017 42.596345573
72 85.57329816186598 63.88104806361332 396.193298161866 374.5010480636133 0.22335708600000004 0.28890752200000236 43.223356037
73 85.57329816186598 63.88104806361332 396.193298161866 374.5010480636133 0.22352301200000113 0.28645995099999766 43.737067695
74 85.57329816186598 63.88104806361332 396.193298161866 374.5010480636133 0.225482006 0.28767782899999617 44.248607951
75 85.57329816186598 63.88104806361332 396.193298161866 374.5010480636133 0.234878547000001 0.2973475630000024 44.763431725
76 85.57329816186598 63.88104806361332 396.193298161866 374.5010480636133 0.25715371100000084 0.2957669290000027 45.297380465
77 85.57329816186598 63.88104806361332 396.193298161866 374.5010480636133 0.390062283000006 0.4547280640000011 45.852105107
78 85.57329816186598 63.88104806361332 396.193298161866 374.5010480636133 0.22626453100000532 2.789379062000002 46.698068016
79 85.57329816186598 63.88104806361332 396.193298161866 374.5010480636133 0.2168561269999998 0.27626544799999664 49.71515974
80 85.57329816186598 63.88104806361332 396.193298161866 374.5010480636133 0.2192377350000001 0.2815718979999957 50.209687958
81 85.57329816186598 63.88104806361332 396.193298161866 374.5010480636133 0.33000681100000406 0.323979977999997 50.712020528
82 85.57329816186598 63.88104806361332 396.193298161866 374.5010480636133 0.3305193750000015 0.32983652000000063 51.367590402
83 85.57329816186598 63.88104806361332 396.193298161866 374.5010480636133 0.47814452099999727 0.33752134699999914 52.029545463
84 85.57329816186598 63.88104806361332 396.193298161866 374.5010480636133 0.4364481100000006 0.44765454600000254 52.846393828
85 85.57329816186598 63.88104806361332 396.193298161866 374.5010480636133 0.2141761950000003 1.102461635999994 53.731664219
86 85.57329816186598 63.88104806361332 396.193298161866 374.5010480636133 0.32640589599999714 0.32063722000000183 55.049671677
87 85.57329816186598 63.88104806361332 396.193298161866 374.5010480636133 0.22575606499999878 0.30640997300000095 55.698178908
88 85.57329816186598 63.88104806361332 396.193298161866 374.5010480636133 0.22725757100000266 0.29537940100000526 56.231929228
89 85.57329816186598 63.88104806361332 396.193298161866 374.5010480636133 0.23155590100000012 0.30575528399999996 56.75613377
90 85.57329816186598 63.88104806361332 396.193298161866 374.5010480636133 0.34666874500000233 0.33321698499999997 57.294921074
91 85.57329816186598 63.88104806361332 396.193298161866 374.5010480636133 0.23736624000000006 0.3256151249999988 57.976254922
92 85.57329816186598 63.88104806361332 396.193298161866 374.5010480636133 0.2386431200000061 0.31376786799999934 58.540744212
93 85.57329816186598 63.88104806361332 396.193298161866 374.5010480636133 0.22899763899999925 0.3078087470000028 59.094651464
94 85.57329816186598 63.88104806361332 396.193298161866 374.5010480636133 0.2382584479999963 0.31954502399999996 59.632836768
95 85.57329816186598 63.88104806361332 396.193298161866 374.5010480636133 0.3969069579999953 0.36669360000000495 60.192137596
96 85.57329816186598 63.88104806361332 396.193298161866 374.5010480636133 0.23889113799999961 0.28412666399999864 60.95707951
97 85.57329816186598 63.88104806361332 396.193298161866 374.5010480636133 0.2827830949999992 0.3013701990000044 61.481575982
98 85.57329816186598 63.88104806361332 396.193298161866 374.5010480636133 0.3342066100000025 0.9812268370000012 62.067460657
99 85.57329816186598 63.88104806361332 396.193298161866 374.5010480636133 0.22919500800000492 1.6503174919999992 63.384545777
100 85.57329816186598 63.88104806361332 396.193298161866 374.5010480636133 0.23724722900000472 0.30332645999999386 65.265483776
101 85.57329816186598 63.88104806361332 396.193298161866 374.5010480636133 0.34788134100000434 0.34144320800000116 65.8075701
102 85.57329816186598 63.88104806361332 396.193298161866 374.5010480636133 0.35867993499999784 0.34184252900000445 66.498423882
103 85.57329816186598 63.88104806361332 396.193298161866 374.5010480636133 0.35281091399998843 0.34569855700000574 67.2003749
104 85.57329816186598 63.88104806361332 396.193298161866 374.5010480636133 0.6042175609999987 0.34785853900000063 67.900598363
105 85.57329816186598 63.88104806361332 396.193298161866 374.5010480636133 1.007039456000001 3.272375077999996 68.854226715
106 85.57329816186598 63.88104806361332 396.193298161866 374.5010480636133 0.6663771420000018 0.9046779590000114 73.135080281
107 85.57329816186598 63.88104806361332 396.193298161866 374.5010480636133 0.7290277699999876 1.2303529530000077 74.707686933
108 85.57329816186598 63.88104806361332 396.193298161866 374.5010480636133 0.6732967000000087 0.9133391959999955 76.6685432
109 85.57329816186598 63.88104806361332 396.193298161866 374.5010480636133 0.7292734819999964 1.527843591000007 78.256580821
110 85.57329816186598 63.88104806361332 396.193298161866 374.5010480636133 0.48422670800000844 0.9832650050000069 80.515202895
111 85.57329816186598 63.88104806361332 396.193298161866 374.5010480636133 0.5477905049999947 0.6343433629999993 81.984121046
112 85.57329816186598 63.88104806361332 396.193298161866 374.5010480636133 0.483706202999997 0.716552147999991 83.168006074
113 85.57329816186598 63.88104806361332 396.193298161866 374.5010480636133 0.7410090039999915 0.6833345359999896 84.369841593
114 85.57329816186598 63.88104806361332 396.193298161866 374.5010480636133 0.8510980029999899 0.720245379000005 85.795756106
115 85.57329816186598 63.88104806361332 396.193298161866 374.5010480636133 0.49085764999999526 0.6793796879999974 87.371386633
116 85.57329816186598 63.88104806361332 396.193298161866 374.5010480636133 0.5194704180000116 0.6333324299999958 88.543109933
117 85.57329816186598 63.88104806361332 396.193298161866 374.5010480636133 0.7675162489999963 0.705380145999996 89.697719351
118 85.57329816186598 63.88104806361332 396.193298161866 374.5010480636133 0.7840764479999933 0.916404221999997 91.17697209
119 85.57329816186598 63.88104806361332 396.193298161866 374.5010480636133 0.4659406959999899 5.5967258600000065 92.878966876
120 85.57329816186598 63.88104806361332 396.193298161866 374.5010480636133 0.5067820400000045 0.6922147070000051 98.943038184
121 85.57329816186598 63.88104806361332 396.193298161866 374.5010480636133 0.765733259000001 0.8157942350000127 100.143541271
122 85.57329816186598 63.88104806361332 396.193298161866 374.5010480636133 0.5301864840000121 0.6483254900000048 101.726798815
123 85.57329816186598 63.88104806361332 396.193298161866 374.5010480636133 0.5217186020000071 0.7248330040000042 102.907039028
124 85.57329816186598 63.88104806361332 396.193298161866 374.5010480636133 0.5443217450000049 0.7450576080000104 104.155138612
125 85.57329816186598 63.88104806361332 396.193298161866 374.5010480636133 0.5035241979999938 0.7553499509999995 105.448839163
126 85.57329816186598 63.88104806361332 396.193298161866 374.5010480636133 0.5208448690000012 0.705191401999997 106.709398599
127 85.57329816186598 63.88104806361332 396.193298161866 374.5010480636133 0.7838397109999988 0.8646950830000009 107.936964191
128 85.57329816186598 63.88104806361332 396.193298161866 374.5010480636133 0.33324277300000915 3.3161076849999915 109.587359615
129 85.57329816186598 63.88104806361332 396.193298161866 374.5010480636133 0.23681719500000042 0.36190571299999874 113.238238465
130 85.57329816186598 63.88104806361332 396.193298161866 374.5010480636133 0.35180086000001154 0.3478494640000065 113.838369093
131 85.57329816186598 63.88104806361332 396.193298161866 374.5010480636133 0.744637455000003 0.7456389130000076 114.539581006
132 85.57329816186598 63.88104806361332 396.193298161866 374.5010480636133 0.7057595609999936 0.9016576380000032 116.031346709
133 85.57329816186598 63.88104806361332 396.193298161866 374.5010480636133 0.2722183910000098 2.6396570389999994 117.640671993
134 85.57329816186598 63.88104806361332 396.193298161866 374.5010480636133 0.24376424199999747 0.33946369399998844 120.553864154
135 85.57329816186598 63.88104806361332 396.193298161866 374.5010480636133 0.8003142339999982 0.7650178489999888 121.138516033
136 85.57329816186598 63.88104806361332 396.193298161866 374.5010480636133 0.3158740650000027 0.5380453509999938 122.705679627
137 85.57329816186598 63.88104806361332 396.193298161866 374.5010480636133 0.8743857359999936 0.6206488730000075 123.561146272
138 85.57329816186598 63.88104806361332 396.193298161866 374.5010480636133 0.8323685100000091 0.7687741759999938 125.057687015
139 85.57329816186598 63.88104806361332 396.193298161866 374.5010480636133 0.5409077679999825 0.8871448259999966 126.660332674
140 85.57329816186598 63.88104806361332 396.193298161866 374.5010480636133 0.3048981709999907 1.1812013140000204 128.090040616
141 85.57329816186598 63.88104806361332 396.193298161866 374.5010480636133 0.2753087639999876 0.387050381000023 129.577805495
142 85.57329816186598 63.88104806361332 396.193298161866 374.5010480636133 0.3806165539999995 0.38531503400000133 130.242019971
143 85.57329816186598 63.88104806361332 396.193298161866 374.5010480636133 0.2894105969999998 0.4350990979999949 131.009715254
144 85.57329816186598 63.88104806361332 396.193298161866 374.5010480636133 0.2608590149999941 0.4260132010000177 131.735835905
145 85.57329816186598 63.88104806361332 396.193298161866 374.5010480636133 0.28044139099998233 0.37808014000000867 132.424216522
146 85.57329816186598 63.88104806361332 396.193298161866 374.5010480636133 0.2733839550000141 0.3704384950000019 133.084333717
147 85.57329816186598 63.88104806361332 396.193298161866 374.5010480636133 0.4698359939999932 0.5210247920000199 133.729684224
148 85.57329816186598 63.88104806361332 396.193298161866 374.5010480636133 0.2761988839999958 0.46993084799998996 134.722376565
149 85.57329816186598 63.88104806361332 396.193298161866 374.5010480636133 0.34040348199999926 0.713858077999987 135.470155578
150 85.57329816186598 63.88104806361332 396.193298161866 374.5010480636133 0.5882280320000177 0.8091115809999962 136.526485916
