"function evaluation" "current f(x)" "best-so-far f(x)" "current af(x)+b" "best af(x)+b" acq_opt_time model_fit_time cum_iteration_time
1 237.14798765674345 237.14798765674345 631.6279876567435 631.6279876567435 None None None
2 164.90614846031076 164.90614846031076 559.3861484603108 559.3861484603108 None None None
3 70.01703175385614 70.01703175385614 464.49703175385616 464.49703175385616 None None None
4 218.18932453346065 70.01703175385614 612.6693245334607 464.49703175385616 None None None
5 279.8933875936832 70.01703175385614 674.3733875936832 464.49703175385616 None None None
6 112.52158055796406 70.01703175385614 507.0015805579641 464.49703175385616 None None None
7 163.345098777864 70.01703175385614 557.825098777864 464.49703175385616 None None None
8 156.7684407894851 70.01703175385614 551.2484407894851 464.49703175385616 None None None
9 190.46096851346158 70.01703175385614 584.9409685134616 464.49703175385616 None None None
10 180.3827659099752 70.01703175385614 574.8627659099752 464.49703175385616 None None None
11 234.35697535999998 70.01703175385614 628.83697536 464.49703175385616 0.3323088980000004 0.17690257199999992 0
12 234.35697535999998 70.01703175385614 628.83697536 464.49703175385616 0.49802451700000017 0.4386832599999999 3.965375349
13 234.35697535999998 70.01703175385614 628.83697536 464.49703175385616 0.2640845770000002 0.31976324099999953 4.903371049
14 234.35697535999998 70.01703175385614 628.83697536 464.49703175385616 0.1949644829999997 0.2732449500000005 5.489031685
15 234.35697535999998 70.01703175385614 628.83697536 464.49703175385616 0.19735710900000036 0.24710625299999922 5.958708269
16 234.35697535999998 70.01703175385614 628.83697536 464.49703175385616 0.38287226299999944 0.2526268570000001 6.404576862
17 234.35697535999998 70.01703175385614 628.83697536 464.49703175385616 0.7217463840000011 0.31769574599999917 7.041408572
18 234.35697535999998 70.01703175385614 628.83697536 464.49703175385616 0.3830683480000001 0.3635226060000001 8.082431421
19 234.35697535999998 70.01703175385614 628.83697536 464.49703175385616 0.29920442299999905 0.595173913 8.830519626
20 234.35697535999998 70.01703175385614 628.83697536 464.49703175385616 0.264448616000001 0.596823585000001 9.726277797
21 234.35697535999998 70.01703175385614 628.83697536 464.49703175385616 0.3083442499999993 0.5289003819999998 10.588909627
22 234.35697535999998 70.01703175385614 628.83697536 464.49703175385616 0.2722312940000009 0.613717158 11.427499738
23 234.35697535999998 70.01703175385614 628.83697536 464.49703175385616 0.3023985810000003 0.555151017 12.315417496
24 234.35697535999998 70.01703175385614 628.83697536 464.49703175385616 0.46990784100000127 0.842284373 13.174303782
25 234.35697535999998 70.01703175385614 628.83697536 464.49703175385616 0.4428274160000001 0.6276582030000011 14.488454158
26 234.35697535999998 70.01703175385614 628.83697536 464.49703175385616 0.31688283899999803 0.5541311899999997 15.560385475
27 234.35697535999998 70.01703175385614 628.83697536 464.49703175385616 0.2559616670000011 0.6253440369999979 16.432772141
28 234.35697535999998 70.01703175385614 628.83697536 464.49703175385616 0.3724836929999995 1.1005304910000007 17.315834826
29 234.35697535999998 70.01703175385614 628.83697536 464.49703175385616 0.2609547190000008 0.4591925589999981 18.791165821
30 234.35697535999998 70.01703175385614 628.83697536 464.49703175385616 0.5106104919999979 0.4801400290000011 19.512717825
31 234.35697535999998 70.01703175385614 628.83697536 464.49703175385616 0.3240076949999988 0.359805798 20.504882152
32 234.35697535999998 70.01703175385614 628.83697536 464.49703175385616 0.20695744600000054 0.2712573290000009 21.190151266
33 234.35697535999998 70.01703175385614 628.83697536 464.49703175385616 0.2069002289999986 0.26342132699999965 21.669677433
34 234.35697535999998 70.01703175385614 628.83697536 464.49703175385616 0.20855741100000103 0.26583245500000174 22.141375107
35 234.35697535999998 70.01703175385614 628.83697536 464.49703175385616 0.2673232369999994 0.38717857800000033 22.617089506
36 234.35697535999998 70.01703175385614 628.83697536 464.49703175385616 0.212673444 0.2916790049999989 23.272997422
37 234.35697535999998 70.01703175385614 628.83697536 464.49703175385616 0.2100900689999996 0.2737203930000014 23.778830387
38 234.35697535999998 70.01703175385614 628.83697536 464.49703175385616 0.2990231940000001 0.2974423299999991 24.26409166
39 234.35697535999998 70.01703175385614 628.83697536 464.49703175385616 0.20788945800000036 0.270152619000001 24.862037522
40 234.35697535999998 70.01703175385614 628.83697536 464.49703175385616 0.30425576400000054 0.30719632699999977 25.341342444
41 234.35697535999998 70.01703175385614 628.83697536 464.49703175385616 0.21645394299999765 0.268829513 25.955067462
42 234.35697535999998 70.01703175385614 628.83697536 464.49703175385616 0.5035845170000002 0.4182895600000016 26.441665324
43 234.35697535999998 70.01703175385614 628.83697536 464.49703175385616 0.36537262899999945 0.5142824699999977 27.364626026
44 234.35697535999998 70.01703175385614 628.83697536 464.49703175385616 0.21358779099999836 0.24862635500000252 28.245335767
45 234.35697535999998 70.01703175385614 628.83697536 464.49703175385616 0.31244541399999903 0.30981555900000046 28.709082613
46 234.35697535999998 70.01703175385614 628.83697536 464.49703175385616 0.3200043079999979 0.30731108199999824 29.332694809
47 234.35697535999998 70.01703175385614 628.83697536 464.49703175385616 0.26061414600000177 0.27616706199999896 29.961543476
48 234.35697535999998 70.01703175385614 628.83697536 464.49703175385616 0.3007255320000013 0.6070816620000024 30.499528358
49 234.35697535999998 70.01703175385614 628.83697536 464.49703175385616 0.3110540259999972 0.30024160099999975 31.408666756
50 234.35697535999998 70.01703175385614 628.83697536 464.49703175385616 0.21463956899999914 0.2724273979999978 32.02158559
51 234.35697535999998 70.01703175385614 628.83697536 464.49703175385616 0.21951291000000595 0.2719935569999947 32.510008141
52 234.35697535999998 70.01703175385614 628.83697536 464.49703175385616 0.2134041119999992 0.24836175899999802 33.002825568
53 234.35697535999998 70.01703175385614 628.83697536 464.49703175385616 0.30829005000000365 0.30954001499999606 33.466043186
54 234.35697535999998 70.01703175385614 628.83697536 464.49703175385616 0.20935502399999706 0.252691193000004 34.0852423
55 234.35697535999998 70.01703175385614 628.83697536 464.49703175385616 0.30557382700000346 0.30780269100000623 34.548641449
56 234.35697535999998 70.01703175385614 628.83697536 464.49703175385616 0.2102718949999982 0.27134198899999973 35.163354179
57 234.35697535999998 70.01703175385614 628.83697536 464.49703175385616 0.22261603300000132 0.2721190720000024 35.64625673
58 234.35697535999998 70.01703175385614 628.83697536 464.49703175385616 0.21943468199999927 0.2848040679999997 36.142502766
59 234.35697535999998 70.01703175385614 628.83697536 464.49703175385616 0.2156839049999988 0.2814647499999978 36.648097941
60 234.35697535999998 70.01703175385614 628.83697536 464.49703175385616 0.30419621600000113 0.30560437700000165 37.146624277
61 234.35697535999998 70.01703175385614 628.83697536 464.49703175385616 0.2986999130000001 0.27842233300000174 37.757716051
62 234.35697535999998 70.01703175385614 628.83697536 464.49703175385616 0.21567537400000703 0.2754812019999946 38.336125896
63 234.35697535999998 70.01703175385614 628.83697536 464.49703175385616 0.22704903700000045 0.2874854330000005 38.828750596
64 234.35697535999998 70.01703175385614 628.83697536 464.49703175385616 0.22817943700000143 0.28964853699999793 39.344894324
65 234.35697535999998 70.01703175385614 628.83697536 464.49703175385616 0.22272105299999367 0.2890539220000008 39.864124623
66 234.35697535999998 70.01703175385614 628.83697536 464.49703175385616 0.21470505500000314 0.2861917829999996 40.377250263
67 234.35697535999998 70.01703175385614 628.83697536 464.49703175385616 0.267912220999996 0.2834145359999951 40.879473441
68 234.35697535999998 70.01703175385614 628.83697536 464.49703175385616 0.217275377 0.2830094179999989 41.43225707
69 234.35697535999998 70.01703175385614 628.83697536 464.49703175385616 0.23345873800000305 0.2807487390000034 41.933862962
70 234.35697535999998 70.01703175385614 628.83697536 464.49703175385616 0.32258807200000206 0.31999763599999653 42.449580975
71 234.35697535999998 70.01703175385614 628.83697536 464.49703175385616 0.33925824499999635 0.3395549709999983 43.093535514
72 234.35697535999998 70.01703175385614 628.83697536 464.49703175385616 0.2174921980000022 0.30532630800000504 43.773814462
73 234.35697535999998 70.01703175385614 628.83697536 464.49703175385616 0.22499375599999638 0.2939155429999971 44.298115904
74 234.35697535999998 70.01703175385614 628.83697536 464.49703175385616 0.2264599149999995 0.2933953989999978 44.818385388
75 234.35697535999998 70.01703175385614 628.83697536 464.49703175385616 0.30654549599999825 0.34717822999999726 45.339592196
76 234.35697535999998 70.01703175385614 628.83697536 464.49703175385616 0.40257102999999717 0.5727078910000003 45.995986519
77 234.35697535999998 70.01703175385614 628.83697536 464.49703175385616 0.5360923610000015 0.6318537519999978 46.975508247
78 234.35697535999998 70.01703175385614 628.83697536 464.49703175385616 0.4610841860000008 1.0077580410000024 48.144567929
79 234.35697535999998 70.01703175385614 628.83697536 464.49703175385616 0.3608322870000009 0.6008467199999998 49.614596377
80 234.35697535999998 70.01703175385614 628.83697536 464.49703175385616 0.46312555200000105 1.1236455519999993 50.577719237
81 234.35697535999998 70.01703175385614 628.83697536 464.49703175385616 0.324745968000002 0.31566061499999876 52.165719306
82 234.35697535999998 70.01703175385614 628.83697536 464.49703175385616 0.3510223280000062 0.5639496980000018 52.807517389
83 234.35697535999998 70.01703175385614 628.83697536 464.49703175385616 0.3375000280000009 0.3629864449999971 53.724053397
84 234.35697535999998 70.01703175385614 628.83697536 464.49703175385616 0.31737636300000105 0.40887561400000294 54.42637374
85 234.35697535999998 70.01703175385614 628.83697536 464.49703175385616 0.22303610099999815 0.28976322599999804 55.154140487
86 234.35697535999998 70.01703175385614 628.83697536 464.49703175385616 0.35089035300000404 0.3211769079999982 55.668302729
87 234.35697535999998 70.01703175385614 628.83697536 464.49703175385616 0.22811272199999877 0.396111506000004 56.34199744
88 234.35697535999998 70.01703175385614 628.83697536 464.49703175385616 0.28168439099999887 0.6824141109999999 56.967632457
89 234.35697535999998 70.01703175385614 628.83697536 464.49703175385616 0.2331769339999994 0.3038463860000036 57.933383704
90 234.35697535999998 70.01703175385614 628.83697536 464.49703175385616 0.3222301879999989 0.3273279519999974 58.471919895
91 234.35697535999998 70.01703175385614 628.83697536 464.49703175385616 0.22201152699999938 0.30270254399999885 59.122924033
92 234.35697535999998 70.01703175385614 628.83697536 464.49703175385616 0.2301478130000021 0.29852298099999786 59.6489844
93 234.35697535999998 70.01703175385614 628.83697536 464.49703175385616 0.27885505999999793 0.4045736240000011 60.179004533
94 234.35697535999998 70.01703175385614 628.83697536 464.49703175385616 0.4579907829999996 1.1317809820000022 60.865574455
95 234.35697535999998 70.01703175385614 628.83697536 464.49703175385616 0.4360518949999985 0.7071464180000007 62.456487333
96 234.35697535999998 70.01703175385614 628.83697536 464.49703175385616 0.2383710310000069 0.3261836510000009 63.60110374
97 234.35697535999998 70.01703175385614 628.83697536 464.49703175385616 0.23571471699999336 0.4519693760000081 64.167560264
98 234.35697535999998 70.01703175385614 628.83697536 464.49703175385616 0.3556565760000012 0.4290342860000038 64.856799188
99 234.35697535999998 70.01703175385614 628.83697536 464.49703175385616 0.27167420300000344 0.7789421559999994 65.642924282
100 234.35697535999998 70.01703175385614 628.83697536 464.49703175385616 0.23599249200000827 0.3104390290000083 66.695081148
101 234.35697535999998 70.01703175385614 628.83697536 464.49703175385616 0.3410581170000029 0.3448309160000065 67.243014962
102 234.35697535999998 70.01703175385614 628.83697536 464.49703175385616 0.7229909139999933 0.4945316350000013 67.930512912
103 234.35697535999998 70.01703175385614 628.83697536 464.49703175385616 0.7405158349999965 2.9859069240000053 69.149551037
104 234.35697535999998 70.01703175385614 628.83697536 464.49703175385616 0.6938893559999997 0.6848688500000009 72.877701951
105 234.35697535999998 70.01703175385614 628.83697536 464.49703175385616 1.0266145119999948 0.6838582319999915 74.257846418
106 234.35697535999998 70.01703175385614 628.83697536 464.49703175385616 0.367680840999995 1.136663145 75.969780482
107 234.35697535999998 70.01703175385614 628.83697536 464.49703175385616 0.24842621099999462 0.3189330749999897 77.475899541
108 234.35697535999998 70.01703175385614 628.83697536 464.49703175385616 0.36286961800000483 0.35433399000000065 78.044627592
109 234.35697535999998 70.01703175385614 628.83697536 464.49703175385616 0.33644245300000364 0.31818360299999426 78.763409675
110 234.35697535999998 70.01703175385614 628.83697536 464.49703175385616 0.2906816339999949 0.5858289149999933 79.422342678
111 234.35697535999998 70.01703175385614 628.83697536 464.49703175385616 0.4820157909999949 1.0231967870000034 80.305537478
112 234.35697535999998 70.01703175385614 628.83697536 464.49703175385616 0.5149153620000106 0.6412086400000021 81.812370614
113 234.35697535999998 70.01703175385614 628.83697536 464.49703175385616 0.7786538189999987 0.8583644700000121 82.969963322
114 234.35697535999998 70.01703175385614 628.83697536 464.49703175385616 0.7463131989999994 1.175410197000005 84.608471123
115 234.35697535999998 70.01703175385614 628.83697536 464.49703175385616 0.5098881050000017 0.6381788019999988 86.531785258
116 234.35697535999998 70.01703175385614 628.83697536 464.49703175385616 0.5085447940000023 0.6433307319999955 87.681571677
117 234.35697535999998 70.01703175385614 628.83697536 464.49703175385616 0.7593192789999961 0.7352692569999988 88.834989193
118 234.35697535999998 70.01703175385614 628.83697536 464.49703175385616 0.7390107700000073 0.7657326340000026 90.331104903
119 234.35697535999998 70.01703175385614 628.83697536 464.49703175385616 0.5302104790000044 0.6478593359999962 91.837242651
120 234.35697535999998 70.01703175385614 628.83697536 464.49703175385616 0.5033841930000023 0.8325219560000079 93.016879666
121 234.35697535999998 70.01703175385614 628.83697536 464.49703175385616 0.7776783799999976 1.0530803219999996 94.354231457
122 234.35697535999998 70.01703175385614 628.83697536 464.49703175385616 0.5305127199999902 0.6851041809999998 96.186544764
123 234.35697535999998 70.01703175385614 628.83697536 464.49703175385616 0.5090707869999989 0.936664645999997 97.403643782
124 234.35697535999998 70.01703175385614 628.83697536 464.49703175385616 0.5058739870000011 0.6809717370000072 98.850914838
125 234.35697535999998 70.01703175385614 628.83697536 464.49703175385616 0.5033957859999987 0.7150003459999965 100.039208594
126 234.35697535999998 70.01703175385614 628.83697536 464.49703175385616 0.5379745949999943 0.645155207000002 101.259281775
127 234.35697535999998 70.01703175385614 628.83697536 464.49703175385616 0.39816522899999995 0.8659083470000013 102.443770938
128 234.35697535999998 70.01703175385614 628.83697536 464.49703175385616 0.410461478000002 0.43915950000000237 103.709566842
129 234.35697535999998 70.01703175385614 628.83697536 464.49703175385616 0.2691628430000037 2.0753919440000033 104.560663843
130 234.35697535999998 70.01703175385614 628.83697536 464.49703175385616 0.45693406799999536 0.3848619490000118 106.906669612
131 234.35697535999998 70.01703175385614 628.83697536 464.49703175385616 0.39362967100001356 0.4397453539999958 107.749980555
132 234.35697535999998 70.01703175385614 628.83697536 464.49703175385616 0.482236063000002 0.4246657710000079 108.584942326
133 234.35697535999998 70.01703175385614 628.83697536 464.49703175385616 0.24749838700000737 0.43420548199999587 109.493298736
134 234.35697535999998 70.01703175385614 628.83697536 464.49703175385616 0.2482221929999895 0.33208767899999714 110.176628766
135 234.35697535999998 70.01703175385614 628.83697536 464.49703175385616 0.37397693299999446 0.4716814380000045 110.758541613
136 234.35697535999998 70.01703175385614 628.83697536 464.49703175385616 0.2824345739999927 0.4128596719999962 111.605807768
137 234.35697535999998 70.01703175385614 628.83697536 464.49703175385616 0.7632366839999918 1.391601613000006 112.302646586
138 234.35697535999998 70.01703175385614 628.83697536 464.49703175385616 0.7894258079999901 0.765570272000005 114.459078536
139 234.35697535999998 70.01703175385614 628.83697536 464.49703175385616 0.34796571500000084 0.9071092660000062 116.015525371
140 234.35697535999998 70.01703175385614 628.83697536 464.49703175385616 0.2746268780000065 0.39902542000000096 117.272327179
141 234.35697535999998 70.01703175385614 628.83697536 464.49703175385616 0.2640545360000033 0.36786999299999934 117.947451829
142 234.35697535999998 70.01703175385614 628.83697536 464.49703175385616 0.3692113080000041 0.37670678599999974 118.580939763
143 234.35697535999998 70.01703175385614 628.83697536 464.49703175385616 0.2668806709999956 0.556474312000006 119.328302512
144 234.35697535999998 70.01703175385614 628.83697536 464.49703175385616 0.25829065200001367 4.272903526999997 120.153105807
145 234.35697535999998 70.01703175385614 628.83697536 464.49703175385616 0.26391887200000497 0.32056441199999597 124.685735429
146 234.35697535999998 70.01703175385614 628.83697536 464.49703175385616 0.2775106220000083 0.3374398299999939 125.271608692
147 234.35697535999998 70.01703175385614 628.83697536 464.49703175385616 0.8227638589999913 0.6763422899999938 125.888084696
148 234.35697535999998 70.01703175385614 628.83697536 464.49703175385616 0.5674976450000031 1.1636365669999975 127.388790742
149 234.35697535999998 70.01703175385614 628.83697536 464.49703175385616 0.5080170870000131 1.0150944709999976 129.121412956
150 234.35697535999998 70.01703175385614 628.83697536 464.49703175385616 0.5619274789999906 1.222601716000014 130.64620663
