"function evaluation" "current f(x)" "best-so-far f(x)" "current af(x)+b" "best af(x)+b" acq_opt_time model_fit_time cum_iteration_time
1 73.93541222101345 73.93541222101345 468.41541222101347 468.41541222101347 None None None
2 71.00279477134904 71.00279477134904 465.48279477134906 465.48279477134906 None None None
3 5.663934719999986 5.663934719999986 400.14393472 400.14393472 0.022338766999999926 0.023428852000000333 0
4 5.385271236373114 5.385271236373114 399.86527123637313 399.86527123637313 0.02205834799999984 0.0416389399999999 3.976863495
5 5.115616355962345 5.115616355962345 399.59561635596236 399.59561635596236 0.02626803099999986 0.07055584300000017 4.041336068
6 4.8549700787676215 4.8549700787676215 399.33497007876764 399.33497007876764 0.029940123000000263 0.05062608400000013 4.139199123
7 5.520573249795973 4.8549700787676215 400.000573249796 399.33497007876764 0.03279531900000077 0.047632332000000055 4.220799377
8 4.6033324047890005 4.6033324047890005 399.083332404789 399.083332404789 0.027918299000000424 0.04978115800000005 4.302192016
9 4.360703334026425 4.360703334026425 398.84070333402644 398.84070333402644 0.023906520999999792 0.04588873299999996 4.380795806
10 4.217341863822355 4.217341863822355 398.6973418638224 398.6973418638224 0.024471949999999687 0.05618527200000045 4.451548508
11 4.1270828664798955 4.1270828664798955 398.6070828664799 398.6070828664799 0.024816251999999928 0.05052466400000011 4.533240545
12 3.480273083136808 3.480273083136808 397.9602730831368 397.9602730831368 0.025969345000000033 0.049986978000000626 4.609527892
13 3.336911612932738 3.336911612932738 397.81691161293276 397.81691161293276 0.025657343000000665 0.05071557900000023 4.686468229
14 5.260876119036084 3.336911612932738 399.7408761190361 397.81691161293276 0.037396860999999504 0.049831717 4.763886814
15 4.712557754998443 3.336911612932738 399.19255775499846 397.81691161293276 0.0976857399999993 0.06496602499999948 4.851859839
16 5.1445404584802645 3.336911612932738 399.6245404584803 397.81691161293276 0.09927867000000035 0.06422143399999936 5.01562585
17 4.596222094442567 3.336911612932738 399.0762220944426 397.81691161293276 0.10113517200000022 0.06191851100000001 5.180211724
18 3.849368529287858 3.336911612932738 398.3293685292879 397.81691161293276 0.07232732199999958 0.10948746299999979 5.344427192
19 4.200273803825041 3.336911612932738 398.68027380382506 397.81691161293276 0.055915038000000195 0.10777527399999975 5.527330586
20 3.724024265515993 3.336911612932738 398.204024265516 397.81691161293276 0.05856514500000021 0.11388953400000013 5.691995536
21 4.083938143269222 3.336911612932738 398.56393814326924 397.81691161293276 0.05840390200000023 0.1111117909999999 5.865463182
22 3.282687028454575 3.282687028454575 397.7626870284546 397.7626870284546 0.08293229499999999 0.11816338100000046 6.036097587
23 3.4994124011855092 3.282687028454575 397.9794124011855 397.7626870284546 0.059871985000000016 0.12326890399999968 6.238852642
24 3.2838091400711846 3.282687028454575 397.7638091400712 397.7626870284546 0.06032036800000018 0.11529705600000018 6.423208376
25 3.607688604960117 3.282687028454575 398.08768860496014 397.7626870284546 0.06118459600000037 0.11875138599999957 6.599936404
26 5.037213401140491 3.282687028454575 399.5172134011405 397.7626870284546 0.06367704100000005 0.12273398499999999 6.781088327
27 3.077214482172849 3.077214482172849 397.55721448217287 397.55721448217287 0.06269509799999984 0.12251916400000074 6.968822191
28 4.228248759908126 3.077214482172849 398.70824875990814 397.55721448217287 0.06608290999999955 0.12045044300000018 7.155154205
29 1.4077704030773361 1.4077704030773361 395.88777040307735 395.88777040307735 0.06309973399999969 0.12323986899999984 7.342902358
30 4.93889494701682 1.4077704030773361 399.41889494701684 395.88777040307735 0.06716575999999996 0.12266483999999966 7.530427057
31 3.094109576988444 1.4077704030773361 397.57410957698846 395.88777040307735 0.06326990299999924 0.1238694219999994 7.721570856
32 2.74398048370432 1.4077704030773361 397.22398048370434 395.88777040307735 0.06282529199999942 0.12454780300000046 7.909899817
33 4.849585096109195 1.4077704030773361 399.3295850961092 395.88777040307735 0.06747737100000073 0.1231624250000003 8.098667961
34 2.9608788216170296 1.4077704030773361 397.44087882161705 395.88777040307735 0.06327646699999967 0.12417150199999938 8.290753956
35 4.769283848417615 1.4077704030773361 399.24928384841763 395.88777040307735 0.07015103300000014 0.12427307399999954 8.479323068
36 2.28635136789876 1.4077704030773361 396.7663513678988 395.88777040307735 0.06415034199999958 0.12805824099999974 8.675159285
37 3.8782926318057775 1.4077704030773361 398.3582926318058 395.88777040307735 0.0643431759999995 0.1267559880000011 8.868544601
38 2.1518255357290172 1.4077704030773361 396.63182553572904 395.88777040307735 0.08589454300000021 0.1255127070000004 9.060734798
39 3.546353710135577 1.4077704030773361 398.0263537101356 395.88777040307735 0.06445539799999978 0.12544399799999972 9.273341782
40 1.9097996810377822 1.4077704030773361 396.3897996810378 395.88777040307735 0.06399183399999941 0.12509124900000046 9.464484158
41 2.466266146512339 1.4077704030773361 396.94626614651236 395.88777040307735 0.07631253999999998 0.12740187900000066 9.65466757
42 2.0086370307067227 1.4077704030773361 396.48863703070674 395.88777040307735 0.07239694899999982 0.13664487600000008 9.859899024
43 1.80229965851629 1.4077704030773361 396.2822996585163 395.88777040307735 0.09642969100000087 0.28447956399999974 10.069510621
44 3.466052462444054 1.4077704030773361 397.9460524624441 395.88777040307735 0.06713084199999919 0.39656418200000054 10.452909053
45 2.1793702409224807 1.4077704030773361 396.6593702409225 395.88777040307735 0.0626929710000006 0.12671628300000037 10.918464685
46 1.5067410800738799 1.4077704030773361 395.9867410800739 395.88777040307735 0.06249244400000009 0.12341711100000019 11.109119694
47 1.4714338416611668 1.4077704030773361 395.9514338416612 395.88777040307735 0.06266985899999966 0.12827926900000008 11.296235441
48 3.060146422175592 1.4077704030773361 397.5401464221756 395.88777040307735 0.06433223999999882 0.12506114199999985 11.488350475
49 2.2245862221845982 1.4077704030773361 396.7045862221846 395.88777040307735 0.06312372700000068 0.12427695399999905 11.678839046
50 1.5338512102482014 1.4077704030773361 396.0138512102482 395.88777040307735 0.06627371199999921 0.13043597600000112 11.867379778
51 1.4623856005909488 1.4077704030773361 395.94238560059097 395.88777040307735 0.06523418399999947 0.1303679459999998 12.065408974
52 1.2227726101851317 1.2227726101851317 395.70277261018515 395.70277261018515 0.064398645999999 0.2620343700000003 12.262255514
53 2.557647255471352 1.2227726101851317 397.03764725547137 395.70277261018515 0.07641650500000097 0.9871919809999987 12.590142395
54 1.2565671239457856 1.2227726101851317 395.7365671239458 395.70277261018515 0.06484681800000125 0.14636849599999913 13.655184773
55 1.5441058834611 1.2227726101851317 396.0241058834611 395.70277261018515 0.06869525900000006 0.12944886400000044 13.86774256
56 1.0687658537327138 1.0687658537327138 395.54876585373273 395.54876585373273 0.06649964500000038 0.1428377919999999 14.067082395
57 1.2644089328732662 1.0687658537327138 395.7444089328733 395.54876585373273 0.06517011899999936 0.1308353019999995 14.27760687
58 1.2143672230404263 1.0687658537327138 395.69436722304044 395.54876585373273 0.08923429900000102 0.13286813700000089 14.47474744
59 1.4007444132570868 1.0687658537327138 395.8807444132571 395.54876585373273 0.06628614699999957 0.13133990800000106 14.698351445
60 1.3992410575523877 1.0687658537327138 395.8792410575524 395.54876585373273 0.06510236699999972 0.13161353799999986 14.89714244
61 2.6659234592459597 1.0687658537327138 397.145923459246 395.54876585373273 0.06488860700000032 0.1306601839999999 15.095200511
62 0.9624722633539022 0.9624722633539022 395.4424722633539 395.4424722633539 0.068583104 0.13192335299999947 15.291913246
63 1.7669571063789817 0.9624722633539022 396.246957106379 395.4424722633539 0.06982962000000015 0.14068304200000092 15.493648195
64 2.369069804005221 0.9624722633539022 396.84906980400524 395.4424722633539 0.06986626100000137 0.13695620499999883 15.705383114
65 2.189500955755136 0.9624722633539022 396.66950095575515 395.4424722633539 0.06830687400000102 0.14897017800000256 15.913547955
66 1.5069140452555985 0.9624722633539022 395.9869140452556 395.4424722633539 0.06788835200000065 0.13921135999999734 16.132089416
67 1.2149704391117666 0.9624722633539022 395.6949704391118 395.4424722633539 0.06434534399999947 0.13980655800000008 16.340498518
68 1.3007496382469412 0.9624722633539022 395.78074963824696 395.4424722633539 0.0661878009999981 0.13214827000000184 16.545850954
69 2.279759953097596 0.9624722633539022 396.7597599530976 395.4424722633539 0.06910503800000001 0.1323494210000007 16.745439581
70 4.697991203942138 0.9624722633539022 399.17799120394216 395.4424722633539 0.06363680199999777 0.1350469969999999 16.948105948
