"function evaluation" "current f(x)" "best-so-far f(x)" "current af(x)+b" "best af(x)+b" acq_opt_time model_fit_time cum_iteration_time
1 262407.43222125893 262407.43222125893 262272.3022212589 262272.3022212589 None None None
2 730880.4022219017 262407.43222125893 730745.2722219017 262272.3022212589 None None None
3 94386.40668650538 94386.40668650538 94251.27668650537 94251.27668650537 None None None
4 82214.24696879782 82214.24696879782 82079.11696879781 82079.11696879781 None None None
5 653906.0250858585 82214.24696879782 653770.8950858585 82079.11696879781 None None None
6 484893.4713710598 82214.24696879782 484758.34137105977 82079.11696879781 None None None
7 465843.5260619305 82214.24696879782 465708.3960619305 82079.11696879781 None None None
8 852518.1174002258 82214.24696879782 852382.9874002258 82079.11696879781 None None None
9 478648.2861811601 82214.24696879782 478513.15618116007 82079.11696879781 None None None
10 883141.7038023465 82214.24696879782 883006.5738023465 82079.11696879781 None None None
11 237018.82540999487 82214.24696879782 236883.69540999486 82079.11696879781 0.28166192499999987 0.5080156489999998 0
12 313616.14211458206 82214.24696879782 313481.01211458206 82079.11696879781 0.3516629990000002 0.43940822800000046 5.514127423
13 200394.71683623665 82214.24696879782 200259.58683623665 82079.11696879781 0.24629412799999972 0.4084716909999999 6.307328286
14 337399.2898880236 82214.24696879782 337264.15988802357 82079.11696879781 0.4686228039999998 0.46552681100000015 6.964196353
15 663582.3242779633 82214.24696879782 663447.1942779633 82079.11696879781 0.46637094999999995 0.5485779920000002 8.273175225
16 453044.5621948261 82214.24696879782 452909.4321948261 82079.11696879781 0.539626998000001 0.5975393669999995 9.680094852
17 293646.67050454504 82214.24696879782 293511.54050454503 82079.11696879781 0.4374450500000009 0.9756167559999991 11.163675687
18 305968.75390502915 82214.24696879782 305833.62390502915 82079.11696879781 0.529964713 0.7008016350000013 12.578567032
19 291751.33594288136 82214.24696879782 291616.20594288135 82079.11696879781 0.36651138100000047 0.6365447110000009 13.811822473
20 203231.8816413882 82214.24696879782 203096.7516413882 82079.11696879781 0.35306453199999943 0.5244597520000003 14.81711803
21 337944.5361493113 82214.24696879782 337809.4061493113 82079.11696879781 0.44346425100000175 0.542457173999999 15.697156155
22 366902.6400156056 82214.24696879782 366767.5100156056 82079.11696879781 0.40234247700000125 0.5990155249999987 16.686085118
23 89746.50156538232 82214.24696879782 89611.37156538232 82079.11696879781 0.2655687570000005 0.6185717109999977 17.689819476
24 296929.74291822413 82214.24696879782 296794.6129182241 82079.11696879781 0.27297086500000134 0.4930852039999998 18.577159121
25 237700.03606100017 82214.24696879782 237564.90606100016 82079.11696879781 0.3669113149999994 0.5362903679999995 19.345867474
26 43622.42253755297 43622.42253755297 43487.292537552974 43487.292537552974 0.37031284300000067 0.5237940849999987 20.251700692
27 157245.96667271623 43622.42253755297 157110.83667271622 43487.292537552974 0.2646621689999975 0.4801842140000012 21.148281864
28 780917.8643790078 43622.42253755297 780782.7343790078 43487.292537552974 0.37787991399999754 0.5446341740000022 21.895589827
29 549477.3722049113 43622.42253755297 549342.2422049113 43487.292537552974 0.39853021399999733 0.4651540660000002 22.820486294
30 146334.4203182551 43622.42253755297 146199.2903182551 43487.292537552974 0.2870239330000004 0.5141527219999986 23.686707393
31 40270.4287274485 40270.4287274485 40135.298727448506 40135.298727448506 0.36786296999999735 0.5531803379999971 24.490584122
32 211579.49326043527 40270.4287274485 211444.36326043526 40135.298727448506 0.2790162780000003 0.4773006630000012 25.413811411
33 80623.52704092025 40270.4287274485 80488.39704092024 40135.298727448506 0.3791505700000002 0.5223388490000005 26.172260713
34 61045.72933750942 40270.4287274485 60910.599337509426 40135.298727448506 0.27642886599999983 0.5008637710000023 27.076247758
35 105373.74515658137 40270.4287274485 105238.61515658136 40135.298727448506 0.38254549300000207 0.5958259860000013 27.856177916
36 459755.51612509566 40270.4287274485 459620.38612509565 40135.298727448506 0.4355411189999998 0.5486700549999988 28.837007024
37 512359.7016346952 40270.4287274485 512224.57163469517 40135.298727448506 0.2744540999999998 0.768303637999999 29.823941804
38 113760.95822243016 40270.4287274485 113625.82822243015 40135.298727448506 0.3846147199999983 0.5925924460000012 30.869246035
39 5958.648051182696 5958.648051182696 5823.518051182696 5823.518051182696 0.2876111389999991 0.5212130960000039 31.848921099
40 72466.40825311167 5958.648051182696 72331.27825311167 5823.518051182696 0.28085881999999884 0.5366773599999988 32.660079882
41 112765.54572391277 5958.648051182696 112630.41572391277 5823.518051182696 0.3859497390000044 0.5379362250000028 33.479977458
42 251227.82619479703 5958.648051182696 251092.69619479703 5823.518051182696 0.372390872000004 0.5439739420000009 34.406456808
43 119691.09494871533 5958.648051182696 119555.96494871532 5823.518051182696 0.29417129400000164 0.5446798079999979 35.325022101
44 250444.27346118964 5958.648051182696 250309.14346118964 5823.518051182696 0.2853302859999971 0.529319485000002 36.16635957
45 114127.00728709645 5958.648051182696 113991.87728709645 5823.518051182696 0.29807389100000137 0.5037563039999995 36.983633257
46 211339.12311795322 5958.648051182696 211203.9931179532 5823.518051182696 0.5781852610000016 1.4506950070000002 37.787814341
47 942269.2834598372 5958.648051182696 942134.1534598372 5823.518051182696 0.298363135999999 1.5086897320000006 39.8191401
48 35374.0753816099 5958.648051182696 35238.945381609905 5823.518051182696 0.8687506569999996 0.5086831879999991 41.628599715
49 143693.96438258298 5958.648051182696 143558.83438258298 5823.518051182696 0.49550376199999846 0.7286904030000017 43.008676003
50 105537.80067705791 5958.648051182696 105402.6706770579 5823.518051182696 0.43410507499999795 1.0050719259999994 44.23574174
51 585080.8801145034 5958.648051182696 584945.7501145034 5823.518051182696 0.2663662329999994 0.6518723769999966 45.677192681
52 174581.25775343095 5958.648051182696 174446.12775343095 5823.518051182696 0.3623417660000001 0.5025588669999976 46.598064292
53 422985.4877003704 5958.648051182696 422850.35770037037 5823.518051182696 0.2680274999999952 0.4955042500000033 47.465586087
54 91628.07205121682 5958.648051182696 91492.94205121681 5823.518051182696 0.3766010009999974 0.5019043980000006 48.231747157
55 390457.7270171077 5958.648051182696 390322.5970171077 5823.518051182696 0.2710252800000035 0.6023484079999974 49.113196186
56 248251.26579115124 5958.648051182696 248116.13579115123 5823.518051182696 0.3776028409999981 0.5678619519999941 49.989018888
57 7391.488422328184 5958.648051182696 7256.358422328184 5823.518051182696 0.26884589899999867 0.4766405149999997 50.936886672
58 387608.0388489609 5958.648051182696 387472.9088489609 5823.518051182696 0.27657035299999677 0.49548999600000343 51.684605819
59 102941.744827283 5958.648051182696 102806.61482728299 5823.518051182696 0.5942779079999951 0.555764834999998 52.45920138
60 43070.69922306852 5958.648051182696 42935.56922306852 5823.518051182696 0.2841730499999997 1.4402862649999975 53.612037578
61 213895.7350822346 5958.648051182696 213760.6050822346 5823.518051182696 0.40437978700000343 0.5319674209999974 55.338962365
62 13308.376785707645 5958.648051182696 13173.246785707646 5823.518051182696 0.2987052779999999 0.5527708820000043 56.278393473
63 33155.65556025594 5958.648051182696 33020.52556025594 5823.518051182696 0.37266908400000176 0.5791257909999956 57.132346046
64 483085.5957994134 5958.648051182696 482950.4657994134 5823.518051182696 0.272228467000005 0.5274917939999995 58.086797879
65 126014.29721569108 5958.648051182696 125879.16721569108 5823.518051182696 0.33360540599999666 0.8578749009999953 58.888795995
66 67407.37844130106 5958.648051182696 67272.24844130105 5823.518051182696 0.4959724180000009 2.2557254970000002 60.082413041
67 57895.65565458359 5958.648051182696 57760.525654583595 5823.518051182696 0.5223640690000053 1.1792382009999969 62.836375503
68 655166.4010220495 5958.648051182696 655031.2710220495 5823.518051182696 0.27500825200000634 0.5486817689999981 64.540964403
69 151223.23228965138 5958.648051182696 151088.10228965138 5823.518051182696 0.37462358300000176 0.5891001439999997 65.367021365
70 105052.61811116418 5958.648051182696 104917.48811116417 5823.518051182696 0.27161559900000043 0.5170910200000094 66.332998382
71 62254.867522275774 5958.648051182696 62119.73752227578 5823.518051182696 0.2742252270000023 0.5111844860000048 67.123937468
72 149241.50666624008 5958.648051182696 149106.37666624007 5823.518051182696 0.37787585699999227 0.5907417129999999 67.912129232
73 101472.73868951244 5958.648051182696 101337.60868951243 5823.518051182696 0.2577629519999931 0.5013248850000025 68.882950073
74 140699.65536836485 5958.648051182696 140564.52536836485 5823.518051182696 0.27572433699999976 0.5005835819999902 69.644431033
75 229140.86566182258 5958.648051182696 229005.73566182257 5823.518051182696 0.2698009180000014 0.5865707419999922 70.422950132
76 62315.393800925514 5958.648051182696 62180.26380092552 5823.518051182696 0.291728446999997 0.5299440779999998 71.282064307
77 158766.94321955575 5958.648051182696 158631.81321955574 5823.518051182696 0.2787349390000031 0.5240335610000102 72.106148467
78 28669.902389794763 5958.648051182696 28534.77238979476 5823.518051182696 0.5506446920000059 0.591991101000005 72.911302762
79 35969.27065843544 5958.648051182696 35834.14065843544 5823.518051182696 0.38398943599999313 1.7781188639999925 74.056872448
80 33692.0391301112 5958.648051182696 33556.909130111206 5823.518051182696 0.41887684099999944 0.7166875570000002 76.221269561
81 76830.54820986104 5958.648051182696 76695.41820986103 5823.518051182696 0.38141046800001277 0.5821981929999964 77.359298712
82 65310.57029052383 5958.648051182696 65175.44029052383 5823.518051182696 0.3840603469999877 0.5893560909999991 78.325608353
83 48986.5084997634 5958.648051182696 48851.3784997634 5823.518051182696 0.3785780050000085 0.6300518590000053 79.301929792
84 37494.03432855124 5958.648051182696 37358.904328551245 5823.518051182696 0.27845830299999363 0.5519876010000075 80.313025812
85 344792.8140297586 5958.648051182696 344657.6840297586 5823.518051182696 0.2973538170000012 0.5415502089999933 81.145857718
86 59562.555242406066 5958.648051182696 59427.42524240607 5823.518051182696 0.29650034499999833 0.5937629710000039 81.987440194
87 58745.14986021867 5958.648051182696 58610.01986021867 5823.518051182696 0.2932687479999885 0.5840914580000032 82.88013085
88 38075.054681691494 5958.648051182696 37939.9246816915 5823.518051182696 0.41335347499999386 0.6600050309999972 83.760077626
89 40944.50132696723 5958.648051182696 40809.37132696723 5823.518051182696 0.5598353570000114 0.7022223710000048 84.836292894
90 34186.80834241133 5958.648051182696 34051.67834241133 5823.518051182696 0.3154951550000078 0.6847485440000014 86.10089391
91 56621.86619311291 5958.648051182696 56486.73619311291 5823.518051182696 0.5115890029999974 0.6723342220000035 87.103779849
92 107694.88369014894 5958.648051182696 107559.75369014894 5823.518051182696 0.39583306600000867 2.38183150399999 88.290159863
93 16852.71330648149 5958.648051182696 16717.58330648149 5823.518051182696 0.2778248099999985 0.5716125320000032 91.072381768
94 155141.07521693732 5958.648051182696 155005.9452169373 5823.518051182696 0.38021244200000126 0.6172629249999915 91.92421178
95 90738.27807634074 5958.648051182696 90603.14807634073 5823.518051182696 0.2773136009999888 0.5570786729999924 92.924977715
96 4606.091454680734 4606.091454680734 4470.961454680734 4470.961454680734 0.2944462490000035 1.0721375669999986 93.761707441
97 115931.74927998388 4606.091454680734 115796.61927998388 4470.961454680734 0.5088023800000059 4.011187726999992 95.130725935
98 115773.08627078848 4606.091454680734 115637.95627078848 4470.961454680734 0.3562306249999949 1.0781343160000034 99.653037703
99 32412.942176492958 4606.091454680734 32277.812176492956 4470.961454680734 0.2743024979999973 0.5669253690000033 101.090113326
100 273638.04882259 4606.091454680734 273502.91882258997 4470.961454680734 1.0245966709999976 0.6705303139999899 101.933705353
101 30166.317863267723 4606.091454680734 30031.18786326772 4470.961454680734 0.4825850810000105 0.7122716269999927 103.630436166
102 475784.83666787384 4606.091454680734 475649.70666787383 4470.961454680734 0.2878276909999897 0.6045705939999948 104.827823743
103 59710.70606458612 4606.091454680734 59575.57606458612 4470.961454680734 0.40881431700000803 0.6515286829999951 105.722706548
104 99130.11320088663 4606.091454680734 98994.98320088662 4470.961454680734 0.3855900380000037 0.7404616039999894 106.785637921
105 125797.40729660059 4606.091454680734 125662.27729660059 4470.961454680734 0.30133454299999585 0.5863305169999933 107.91442721
106 134543.1736578172 4606.091454680734 134408.0436578172 4470.961454680734 0.3805178920000003 0.6310918439999966 108.805069939
107 55022.63694347145 4606.091454680734 54887.50694347145 4470.961454680734 0.3372597380000002 0.5712575169999923 109.818935762
108 349410.9370798948 4606.091454680734 349275.8070798948 4470.961454680734 0.2939156770000011 0.5847884160000092 110.729881544
109 36523.78323301766 4606.091454680734 36388.65323301766 4470.961454680734 0.40736119899999323 0.6797885339999965 111.611428241
110 37933.08724670255 4606.091454680734 37797.95724670255 4470.961454680734 0.3790336870000033 0.7001788290000093 112.701184691
111 54909.12439879837 4606.091454680734 54773.99439879837 4470.961454680734 0.3542203279999967 0.5830136989999914 113.782764821
112 54802.3438966798 4606.091454680734 54667.2138966798 4470.961454680734 0.37483413600000404 0.9389434519999895 114.722829531
113 263197.8552455524 4606.091454680734 263062.72524555237 4470.961454680734 0.4124742199999929 0.5986354899999924 116.039126246
114 465358.9673982951 4606.091454680734 465223.8373982951 4470.961454680734 0.27563710100000094 0.8308958779999926 117.054320622
115 95197.57706490751 4606.091454680734 95062.44706490751 4470.961454680734 0.29167834599999765 0.6076666130000064 118.163157114
116 78239.43900507235 4606.091454680734 78104.30900507234 4470.961454680734 0.40135473900001273 0.7087466830000011 119.064919308
117 96145.10492382625 4606.091454680734 96009.97492382624 4470.961454680734 0.3388445899999937 0.8813355589999929 120.177483097
118 13553.710780896274 4606.091454680734 13418.580780896275 4470.961454680734 0.2708789100000075 0.5901541740000056 121.400450122
119 12825.147700816933 4606.091454680734 12690.017700816934 4470.961454680734 0.2970426369999899 0.6853882270000042 122.263813452
120 334629.33151966974 4606.091454680734 334494.20151966973 4470.961454680734 0.28120225300000357 0.6550577720000064 123.248736488
121 55518.27411068188 4606.091454680734 55383.14411068188 4470.961454680734 0.38890007800000603 0.5963871699999999 124.187432004
122 72361.01718860821 4606.091454680734 72225.8871886082 4470.961454680734 0.3006124630000073 0.8180967050000021 125.176024716
123 70673.96395217464 4606.091454680734 70538.83395217464 4470.961454680734 0.38289887999999905 0.7697037479999977 126.297516899
124 8437.56853332142 4606.091454680734 8302.438533321421 4470.961454680734 0.4726319239999839 0.8159586369999943 127.45244797
125 22227.691066758307 4606.091454680734 22092.561066758306 4470.961454680734 0.3009129849999965 0.9053329449999978 128.743888873
126 162477.27610975798 4606.091454680734 162342.14610975797 4470.961454680734 0.7503120650000028 0.8086770870000066 129.952657561
127 31869.953854440122 4606.091454680734 31734.82385444012 4470.961454680734 0.5250824159999752 1.1245956400000239 131.514045171
128 259259.35398402836 4606.091454680734 259124.22398402836 4470.961454680734 0.31526662999999644 1.422809863999987 133.166580919
129 49461.91052938659 4606.091454680734 49326.78052938659 4470.961454680734 0.33586810799999967 0.7165295640000124 134.907345349
130 97585.10345112428 4606.091454680734 97449.97345112427 4470.961454680734 0.2748952819999886 0.708450441000025 135.962331558
131 64280.718932095646 4606.091454680734 64145.58893209565 4470.961454680734 0.3042083800000057 0.6908691499999975 136.948044914
132 57005.07043672181 4606.091454680734 56869.940436721816 4470.961454680734 0.4950906669999995 0.9660931439999842 137.945722137
133 32143.41441514729 4606.091454680734 32008.28441514729 4470.961454680734 0.2860729569999876 1.136311572000011 139.409574562
134 221813.75735810577 4606.091454680734 221678.62735810576 4470.961454680734 0.5892945420000046 0.7270024699999738 140.834697644
135 62624.40831908223 4606.091454680734 62489.27831908223 4470.961454680734 0.30801560800000516 0.791550433999987 142.154202072
136 219247.35700843876 4606.091454680734 219112.22700843876 4470.961454680734 0.41570066299999553 0.7658435350000161 143.2564573
137 21593.17665173679 4606.091454680734 21458.04665173679 4470.961454680734 0.28372923799997807 2.299596312999995 144.441937733
138 91605.36465486583 4606.091454680734 91470.23465486582 4470.961454680734 0.2906151189999946 0.6479957809999917 147.027759371
139 34941.32129631849 4606.091454680734 34806.191296318495 4470.961454680734 0.3143076469999926 0.885367983000009 147.968672046
140 98194.3674837991 4606.091454680734 98059.2374837991 4470.961454680734 0.3011263619999909 0.6740651789999959 149.170823627
141 252291.18052971648 4606.091454680734 252156.05052971648 4470.961454680734 0.545733743999989 0.871701728000005 150.148774275
142 13067.202271262353 4606.091454680734 12932.072271262354 4470.961454680734 0.3278128959999833 0.8908354730000099 151.569353804
143 79306.66064929022 4606.091454680734 79171.53064929022 4470.961454680734 0.3271609690000048 0.815126437999993 152.791741849
144 81311.77783966433 4606.091454680734 81176.64783966432 4470.961454680734 0.29347545999999625 0.911356976999997 153.936620434
145 47685.87309037496 4606.091454680734 47550.74309037496 4470.961454680734 0.30181586700001617 0.8220022769999957 155.143454712
146 83044.68141634995 4606.091454680734 82909.55141634995 4470.961454680734 0.3010289730000011 0.7077264520000028 156.273365001
147 115737.20623115262 4606.091454680734 115602.07623115262 4470.961454680734 0.4670069910000052 1.5896296110000208 157.285281679
148 27139.225317794113 4606.091454680734 27004.095317794112 4470.961454680734 0.3011673850000136 2.204736362999995 159.345083265
149 30865.03312597882 4606.091454680734 30729.90312597882 4470.961454680734 0.5764485029999946 1.8722631109999952 161.853638259
150 25066.217099789763 4606.091454680734 24931.087099789762 4470.961454680734 0.513102181999983 1.6714534629999775 164.30461171
