"function evaluation" "current f(x)" "best-so-far f(x)" "current af(x)+b" "best af(x)+b" acq_opt_time model_fit_time cum_iteration_time
1 851.7058574179941 851.7058574179941 1851.7058574179941 1851.7058574179941 None None None
2 2649.3236768730276 851.7058574179941 3649.3236768730276 1851.7058574179941 None None None
3 343.6973518102759 343.6973518102759 1343.697351810276 1343.697351810276 None None None
4 617.5744525633231 343.6973518102759 1617.5744525633231 1343.697351810276 None None None
5 2546.150533744858 343.6973518102759 3546.150533744858 1343.697351810276 None None None
6 739.0870694691903 343.6973518102759 1739.0870694691903 1343.697351810276 None None None
7 375.8235927641899 343.6973518102759 1375.82359276419 1343.697351810276 None None None
8 720.371576144654 343.6973518102759 1720.371576144654 1343.697351810276 None None None
9 521.5545463498183 343.6973518102759 1521.5545463498183 1343.697351810276 None None None
10 1906.35565642238 343.6973518102759 2906.35565642238 1343.697351810276 None None None
11 2140.504436145292 343.6973518102759 3140.504436145292 1343.697351810276 0.15370095699999986 0.16559712199999987 0
12 2140.504436145292 343.6973518102759 3140.504436145292 1343.697351810276 0.44430120800000017 0.21171691800000003 3.739856355
13 2140.504436145292 343.6973518102759 3140.504436145292 1343.697351810276 0.18114950699999977 0.23979711100000056 4.396893084
14 2140.504436145292 343.6973518102759 3140.504436145292 1343.697351810276 0.19103692900000002 0.2395230109999993 4.8190599
15 2140.504436145292 343.6973518102759 3140.504436145292 1343.697351810276 0.1941795760000007 0.2442474680000002 5.250893141
16 2140.504436145292 343.6973518102759 3140.504436145292 1343.697351810276 0.28545553400000045 0.2560978330000001 5.690581604
17 2140.504436145292 343.6973518102759 3140.504436145292 1343.697351810276 0.2870593250000004 0.29591688000000005 6.233476749
18 2140.504436145292 343.6973518102759 3140.504436145292 1343.697351810276 0.22587252599999985 0.36108018799999986 6.817793731
19 2140.504436145292 343.6973518102759 3140.504436145292 1343.697351810276 0.4048002730000002 0.3443717140000002 7.406216409
20 2140.504436145292 343.6973518102759 3140.504436145292 1343.697351810276 0.3078096470000009 0.5990514969999996 8.157093388
21 2140.504436145292 343.6973518102759 3140.504436145292 1343.697351810276 0.21435613999999958 0.6921341180000002 9.065518931
22 2140.504436145292 343.6973518102759 3140.504436145292 1343.697351810276 0.30544723899999937 0.5408437450000001 9.973423743
23 2140.504436145292 343.6973518102759 3140.504436145292 1343.697351810276 0.318207632 0.5352092370000001 10.821120095
24 2140.504436145292 343.6973518102759 3140.504436145292 1343.697351810276 0.24781203300000065 0.7664173039999991 11.675836377
25 2140.504436145292 343.6973518102759 3140.504436145292 1343.697351810276 0.30029163700000083 0.307979392 12.691311831
26 2140.504436145292 343.6973518102759 3140.504436145292 1343.697351810276 0.20987460200000108 0.2638886930000002 13.301051416
27 2140.504436145292 343.6973518102759 3140.504436145292 1343.697351810276 0.21185866599999947 0.26605732900000056 13.776148923
28 2140.504436145292 343.6973518102759 3140.504436145292 1343.697351810276 0.34611822099999934 0.9175455970000002 14.255419687
29 2140.504436145292 343.6973518102759 3140.504436145292 1343.697351810276 0.19574019099999873 0.2639226850000007 15.519933322
30 2140.504436145292 343.6973518102759 3140.504436145292 1343.697351810276 0.2998374909999981 0.2852894570000011 15.980882312
31 2140.504436145292 343.6973518102759 3140.504436145292 1343.697351810276 0.3042627799999984 0.30348471499999974 16.567818191
32 2140.504436145292 343.6973518102759 3140.504436145292 1343.697351810276 0.2113858300000011 0.27688174599999726 17.177117199
33 2140.504436145292 343.6973518102759 3140.504436145292 1343.697351810276 0.2546348270000003 0.26905316099999865 17.666747334
34 2140.504436145292 343.6973518102759 3140.504436145292 1343.697351810276 0.2089988159999976 0.27531090900000166 18.191815815
35 2140.504436145292 343.6973518102759 3140.504436145292 1343.697351810276 0.35601709699999873 0.41505696199999775 18.677613982
36 2140.504436145292 343.6973518102759 3140.504436145292 1343.697351810276 0.5100929520000008 0.9759130280000008 19.450438045
37 2140.504436145292 343.6973518102759 3140.504436145292 1343.697351810276 0.22945254700000106 0.7424897020000003 20.937902454
38 2140.504436145292 343.6973518102759 3140.504436145292 1343.697351810276 0.36376384500000114 0.6637471599999998 21.911374003
39 2140.504436145292 343.6973518102759 3140.504436145292 1343.697351810276 0.3033957340000022 0.5660942770000013 22.940399868
40 2140.504436145292 343.6973518102759 3140.504436145292 1343.697351810276 0.33871393099999736 0.8296843450000004 23.811339363
41 2140.504436145292 343.6973518102759 3140.504436145292 1343.697351810276 0.20471923300000228 0.316262008999999 24.981255607
42 2140.504436145292 343.6973518102759 3140.504436145292 1343.697351810276 0.31266877099999846 0.31023134699999844 25.503608203
43 2140.504436145292 343.6973518102759 3140.504436145292 1343.697351810276 0.24902234099999987 0.448895959999998 26.127837104
44 2140.504436145292 343.6973518102759 3140.504436145292 1343.697351810276 0.2237798650000009 0.31587596299999987 26.827440193
45 2140.504436145292 343.6973518102759 3140.504436145292 1343.697351810276 0.3072704420000001 0.3182295220000029 27.368579022
46 2140.504436145292 343.6973518102759 3140.504436145292 1343.697351810276 0.30996405999999865 0.3057526189999997 27.995541308
47 2140.504436145292 343.6973518102759 3140.504436145292 1343.697351810276 0.2194492369999992 0.2760743579999989 28.612609034
48 2140.504436145292 343.6973518102759 3140.504436145292 1343.697351810276 0.326835090000003 0.6659205800000016 29.109478509
49 2140.504436145292 343.6973518102759 3140.504436145292 1343.697351810276 0.3781938320000009 0.8888818920000006 30.103841299
50 2140.504436145292 343.6973518102759 3140.504436145292 1343.697351810276 0.2252933129999981 0.34284646900000126 31.37237353
51 2140.504436145292 343.6973518102759 3140.504436145292 1343.697351810276 0.2315967420000007 0.284632423999998 31.942178455
52 2140.504436145292 343.6973518102759 3140.504436145292 1343.697351810276 0.23961233099999646 0.5972438650000029 32.460060066
53 2140.504436145292 343.6973518102759 3140.504436145292 1343.697351810276 0.3941299020000031 0.33725889200000125 33.29851696
54 2140.504436145292 343.6973518102759 3140.504436145292 1343.697351810276 0.2144800100000026 0.30806838500000566 34.031071012
55 2140.504436145292 343.6973518102759 3140.504436145292 1343.697351810276 0.3111465530000004 0.317637966999996 34.555132804
56 2140.504436145292 343.6973518102759 3140.504436145292 1343.697351810276 0.2253366349999979 0.3007940450000035 35.18534602
57 2140.504436145292 343.6973518102759 3140.504436145292 1343.697351810276 0.22367008999999882 0.2929908019999985 35.712963819
58 2140.504436145292 343.6973518102759 3140.504436145292 1343.697351810276 0.2143160760000029 0.2783896059999975 36.23115062
59 2140.504436145292 343.6973518102759 3140.504436145292 1343.697351810276 0.21565139399999822 0.2887650439999945 36.725298759
60 2140.504436145292 343.6973518102759 3140.504436145292 1343.697351810276 0.49514094199999903 0.3122136599999976 37.231202217
61 2140.504436145292 343.6973518102759 3140.504436145292 1343.697351810276 0.3353975759999983 0.7424735399999989 38.042188987
62 2140.504436145292 343.6973518102759 3140.504436145292 1343.697351810276 0.39459667900000284 2.4342326659999998 39.121510146
63 2140.504436145292 343.6973518102759 3140.504436145292 1343.697351810276 0.358262241999995 0.5673015509999999 41.951382995
64 2140.504436145292 343.6973518102759 3140.504436145292 1343.697351810276 0.22102387000000334 0.3133041209999945 42.878459432
65 2140.504436145292 343.6973518102759 3140.504436145292 1343.697351810276 0.23104144799999915 0.29930512300000345 43.414338666
66 2140.504436145292 343.6973518102759 3140.504436145292 1343.697351810276 0.2274396569999979 0.2970618579999993 43.946185011
67 2140.504436145292 343.6973518102759 3140.504436145292 1343.697351810276 0.3482608800000051 0.29700169499999873 44.472076062
68 2140.504436145292 343.6973518102759 3140.504436145292 1343.697351810276 0.22600448200000045 0.3255690010000052 45.119857464
69 2140.504436145292 343.6973518102759 3140.504436145292 1343.697351810276 0.21622241099999684 0.2919515449999963 45.672900452
70 2140.504436145292 343.6973518102759 3140.504436145292 1343.697351810276 0.31798514200000483 0.3170163919999993 46.182769179
71 2140.504436145292 343.6973518102759 3140.504436145292 1343.697351810276 0.3778641580000013 0.32833667200000605 46.81917579
72 2140.504436145292 343.6973518102759 3140.504436145292 1343.697351810276 0.22257998700000314 0.2937667899999994 47.526808134
73 2140.504436145292 343.6973518102759 3140.504436145292 1343.697351810276 0.22182216800000276 0.2875552619999979 48.044775853
74 2140.504436145292 343.6973518102759 3140.504436145292 1343.697351810276 0.3657138989999993 0.45308292300000375 48.555529837
75 2140.504436145292 343.6973518102759 3140.504436145292 1343.697351810276 0.2566048250000037 0.9704593360000047 49.382047898
76 2140.504436145292 343.6973518102759 3140.504436145292 1343.697351810276 0.22405218400000138 0.2874674450000043 50.610479315
77 2140.504436145292 343.6973518102759 3140.504436145292 1343.697351810276 0.4113962999999998 0.32563794100000365 51.123377028
78 2140.504436145292 343.6973518102759 3140.504436145292 1343.697351810276 0.22740654999999776 0.29171422099999944 51.861602854
79 2140.504436145292 343.6973518102759 3140.504436145292 1343.697351810276 0.3149223699999979 0.44283940199999705 52.382148589
80 2140.504436145292 343.6973518102759 3140.504436145292 1343.697351810276 0.5714108029999991 1.1222299579999984 53.141194055
81 2140.504436145292 343.6973518102759 3140.504436145292 1343.697351810276 0.3143713890000015 1.0055614369999972 54.836138955
82 2140.504436145292 343.6973518102759 3140.504436145292 1343.697351810276 0.3191128980000002 0.3498345780000065 56.157491681
83 2140.504436145292 343.6973518102759 3140.504436145292 1343.697351810276 0.316274841000002 0.32977806099999896 56.82806099
84 2140.504436145292 343.6973518102759 3140.504436145292 1343.697351810276 0.3181470859999962 0.32208218399999566 57.475513591
85 2140.504436145292 343.6973518102759 3140.504436145292 1343.697351810276 0.32570115000000044 0.28833032700000416 58.117127735
86 2140.504436145292 343.6973518102759 3140.504436145292 1343.697351810276 0.3205510480000058 0.3315543750000032 58.732801341
87 2140.504436145292 343.6973518102759 3140.504436145292 1343.697351810276 0.22192453899999975 0.30586870499999463 59.386323996
88 2140.504436145292 343.6973518102759 3140.504436145292 1343.697351810276 0.41025876399999817 0.2925557189999992 59.915515964
89 2140.504436145292 343.6973518102759 3140.504436145292 1343.697351810276 0.3321968859999984 3.238037003999999 60.62123114
90 2140.504436145292 343.6973518102759 3140.504436145292 1343.697351810276 0.3228875730000027 0.398470685999996 64.192903088
91 2140.504436145292 343.6973518102759 3140.504436145292 1343.697351810276 0.22950735000000577 0.30144702200000495 64.915809081
92 2140.504436145292 343.6973518102759 3140.504436145292 1343.697351810276 0.22984575700000676 0.3015954979999975 65.448449815
93 2140.504436145292 343.6973518102759 3140.504436145292 1343.697351810276 0.23509280599999727 0.30850618800000973 65.981633515
94 2140.504436145292 343.6973518102759 3140.504436145292 1343.697351810276 0.28546076699998935 0.30876305600000364 66.526816358
95 2140.504436145292 343.6973518102759 3140.504436145292 1343.697351810276 0.48989583400000924 0.6881713590000089 67.122697748
96 2140.504436145292 343.6973518102759 3140.504436145292 1343.697351810276 0.42265855500001237 2.61277351599999 68.301870711
97 2140.504436145292 343.6973518102759 3140.504436145292 1343.697351810276 0.4619740929999949 0.5896744299999881 71.33843028
98 2140.504436145292 343.6973518102759 3140.504436145292 1343.697351810276 0.7667572289999924 0.5108297899999883 72.391610675
99 2140.504436145292 343.6973518102759 3140.504436145292 1343.697351810276 0.43181695100000184 4.3572866219999895 73.670653174
100 2140.504436145292 343.6973518102759 3140.504436145292 1343.697351810276 0.4751610450000072 0.5799907619999942 78.461086911
101 2140.504436145292 343.6973518102759 3140.504436145292 1343.697351810276 0.6943113580000073 0.6709192029999969 79.51790466
102 2140.504436145292 343.6973518102759 3140.504436145292 1343.697351810276 0.7440961730000026 0.7297362599999957 80.884564065
103 2140.504436145292 343.6973518102759 3140.504436145292 1343.697351810276 0.7139804290000029 0.7748068770000032 82.360197518
104 2140.504436145292 343.6973518102759 3140.504436145292 1343.697351810276 0.7852124089999961 0.6867534390000003 83.850463454
105 2140.504436145292 343.6973518102759 3140.504436145292 1343.697351810276 0.7036349159999986 0.7653402189999952 85.324269004
106 2140.504436145292 343.6973518102759 3140.504436145292 1343.697351810276 0.8159583070000025 0.8182997460000081 86.794680137
107 2140.504436145292 343.6973518102759 3140.504436145292 1343.697351810276 0.5242810160000033 0.6564496059999954 88.430416263
108 2140.504436145292 343.6973518102759 3140.504436145292 1343.697351810276 0.5018401089999998 0.7489734889999937 89.612737533
109 2140.504436145292 343.6973518102759 3140.504436145292 1343.697351810276 0.31227546499999903 0.42631528799999785 90.86539098
110 2140.504436145292 343.6973518102759 3140.504436145292 1343.697351810276 0.25467259099998785 0.383522904000003 91.606056015
111 2140.504436145292 343.6973518102759 3140.504436145292 1343.697351810276 0.23768121899999528 0.3329409830000003 92.245733094
112 2140.504436145292 343.6973518102759 3140.504436145292 1343.697351810276 0.23596459099999834 0.38724498199999857 92.817755288
113 2140.504436145292 343.6973518102759 3140.504436145292 1343.697351810276 0.33570003299999485 0.37555152699999894 93.442417012
114 2140.504436145292 343.6973518102759 3140.504436145292 1343.697351810276 0.35719136699999865 0.36239553299999727 94.155192011
115 2140.504436145292 343.6973518102759 3140.504436145292 1343.697351810276 0.2344587799999971 0.32810571299999935 94.876251661
116 2140.504436145292 343.6973518102759 3140.504436145292 1343.697351810276 0.23619632599999818 0.31618054599999823 95.440438008
117 2140.504436145292 343.6973518102759 3140.504436145292 1343.697351810276 0.3708216849999957 0.3537143049999969 95.994261957
118 2140.504436145292 343.6973518102759 3140.504436145292 1343.697351810276 0.3973056819999954 0.5769817340000003 96.720586074
119 2140.504436145292 343.6973518102759 3140.504436145292 1343.697351810276 0.2508118119999949 0.33662556600000926 97.696556602
120 2140.504436145292 343.6973518102759 3140.504436145292 1343.697351810276 0.25291339599999674 0.40850294099999473 98.285566449
121 2140.504436145292 343.6973518102759 3140.504436145292 1343.697351810276 0.38528998300000694 0.4244044750000029 98.948474461
122 2140.504436145292 343.6973518102759 3140.504436145292 1343.697351810276 0.2646287479999927 0.34508208399999774 99.759791587
123 2140.504436145292 343.6973518102759 3140.504436145292 1343.697351810276 0.2497633579999956 0.4149219049999999 100.370941477
124 2140.504436145292 343.6973518102759 3140.504436145292 1343.697351810276 0.25155270599999824 0.4164456959999967 101.037090767
125 2140.504436145292 343.6973518102759 3140.504436145292 1343.697351810276 0.26221062999999845 0.38187635500000283 101.706564192
126 2140.504436145292 343.6973518102759 3140.504436145292 1343.697351810276 0.2795725209999915 0.3359681299999977 102.352219624
127 2140.504436145292 343.6973518102759 3140.504436145292 1343.697351810276 0.44575868799999796 0.5406309359999995 102.969348346
128 2140.504436145292 343.6973518102759 3140.504436145292 1343.697351810276 0.4402490169999993 0.48935294100000704 103.95742625
129 2140.504436145292 343.6973518102759 3140.504436145292 1343.697351810276 0.2874188910000015 1.1616802079999928 104.888702421
130 2140.504436145292 343.6973518102759 3140.504436145292 1343.697351810276 0.3928942960000086 0.3798044860000118 106.33930789
131 2140.504436145292 343.6973518102759 3140.504436145292 1343.697351810276 0.39400547200000346 0.4773120599999885 107.113590476
132 2140.504436145292 343.6973518102759 3140.504436145292 1343.697351810276 0.8179904539999967 0.6171084309999912 107.986370609
133 2140.504436145292 343.6973518102759 3140.504436145292 1343.697351810276 0.5265674829999938 0.740065028999993 109.423074316
134 2140.504436145292 343.6973518102759 3140.504436145292 1343.697351810276 0.5243586760000056 0.6687390319999906 110.691264144
135 2140.504436145292 343.6973518102759 3140.504436145292 1343.697351810276 1.2195893180000041 1.0601553489999986 111.886078921
136 2140.504436145292 343.6973518102759 3140.504436145292 1343.697351810276 0.5291198329999958 1.075215908000004 114.167483267
137 2140.504436145292 343.6973518102759 3140.504436145292 1343.697351810276 0.38530145600000765 1.2934755420000101 115.773338464
138 2140.504436145292 343.6973518102759 3140.504436145292 1343.697351810276 0.383980882000003 0.3720370040000063 117.453711109
139 2140.504436145292 343.6973518102759 3140.504436145292 1343.697351810276 0.257163539000004 0.4666831069999944 118.211154919
140 2140.504436145292 343.6973518102759 3140.504436145292 1343.697351810276 0.265910470999998 0.38755700099999046 118.936483313
141 2140.504436145292 343.6973518102759 3140.504436145292 1343.697351810276 0.272136334999999 0.36628704400000345 119.591400721
142 2140.504436145292 343.6973518102759 3140.504436145292 1343.697351810276 0.38839499200000205 0.39437117999999316 120.231362746
143 2140.504436145292 343.6973518102759 3140.504436145292 1343.697351810276 0.2604102130000001 0.46380352399999936 121.015593319
144 2140.504436145292 343.6973518102759 3140.504436145292 1343.697351810276 0.2554147989999933 0.41416853200000503 121.741567207
145 2140.504436145292 343.6973518102759 3140.504436145292 1343.697351810276 0.25894613100000186 0.4204489459999934 122.41272414
146 2140.504436145292 343.6973518102759 3140.504436145292 1343.697351810276 0.26960695299999315 0.3472372109999924 123.09379158
147 2140.504436145292 343.6973518102759 3140.504436145292 1343.697351810276 0.8135446029999969 0.7729218159999931 123.712468418
148 2140.504436145292 343.6973518102759 3140.504436145292 1343.697351810276 0.5616863489999986 0.8658884459999996 125.300531401
149 2140.504436145292 343.6973518102759 3140.504436145292 1343.697351810276 0.4576223850000076 0.8927016630000111 126.729646784
150 2140.504436145292 343.6973518102759 3140.504436145292 1343.697351810276 0.27279638400000294 3.5127983200000017 128.081535524
