"function evaluation" "current f(x)" "best-so-far f(x)" "current af(x)+b" "best af(x)+b" acq_opt_time model_fit_time cum_iteration_time
1 382.2711673051201 382.2711673051201 1382.2711673051201 1382.2711673051201 None None None
2 1154.2706677682972 382.2711673051201 2154.2706677682972 1382.2711673051201 None None None
3 1440.8516157333024 382.2711673051201 2440.8516157333024 1382.2711673051201 None None None
4 1499.1093326544192 382.2711673051201 2499.109332654419 1382.2711673051201 None None None
5 790.9797558686655 382.2711673051201 1790.9797558686655 1382.2711673051201 None None None
6 601.7665841491689 382.2711673051201 1601.766584149169 1382.2711673051201 None None None
7 625.2866627700735 382.2711673051201 1625.2866627700735 1382.2711673051201 None None None
8 1390.7446658021618 382.2711673051201 2390.7446658021618 1382.2711673051201 None None None
9 1182.8379375434001 382.2711673051201 2182.8379375434 1382.2711673051201 None None None
10 793.3961343763744 382.2711673051201 1793.3961343763744 1382.2711673051201 None None None
11 2140.504436145292 382.2711673051201 3140.504436145292 1382.2711673051201 0.24295921299999979 0.194987378 0
12 2140.504436145292 382.2711673051201 3140.504436145292 1382.2711673051201 0.1890915160000004 0.21034512299999975 3.937438916
13 2140.504436145292 382.2711673051201 3140.504436145292 1382.2711673051201 0.257273992 0.2660157640000005 4.338231112
14 2140.504436145292 382.2711673051201 3140.504436145292 1382.2711673051201 0.18754990200000066 0.2603004330000003 4.86298064
15 2140.504436145292 382.2711673051201 3140.504436145292 1382.2711673051201 0.30440837799999976 0.2992791969999997 5.312106535
16 2140.504436145292 382.2711673051201 3140.504436145292 1382.2711673051201 0.5431663420000001 0.30205026800000034 5.917386323
17 2140.504436145292 382.2711673051201 3140.504436145292 1382.2711673051201 0.6001466390000001 0.4234897609999999 6.764281714
18 2140.504436145292 382.2711673051201 3140.504436145292 1382.2711673051201 0.32193481400000046 0.5511638329999995 7.789704581
19 2140.504436145292 382.2711673051201 3140.504436145292 1382.2711673051201 0.31148741900000054 0.6157401579999995 8.66476347
20 2140.504436145292 382.2711673051201 3140.504436145292 1382.2711673051201 0.6021247029999994 0.8298756580000006 9.593648017
21 2140.504436145292 382.2711673051201 3140.504436145292 1382.2711673051201 0.30223161099999984 0.5947036519999997 11.030402075
22 2140.504436145292 382.2711673051201 3140.504436145292 1382.2711673051201 0.6160842380000009 0.675652457 11.928903249
23 2140.504436145292 382.2711673051201 3140.504436145292 1382.2711673051201 0.30859062000000037 0.6239663560000004 13.222278382
24 2140.504436145292 382.2711673051201 3140.504436145292 1382.2711673051201 0.5642389130000005 0.43535218699999945 14.156624584
25 2140.504436145292 382.2711673051201 3140.504436145292 1382.2711673051201 0.3888667080000001 0.6515332590000007 15.157679813
26 2140.504436145292 382.2711673051201 3140.504436145292 1382.2711673051201 0.5876894149999998 1.0070110969999995 16.199876578
27 2140.504436145292 382.2711673051201 3140.504436145292 1382.2711673051201 0.20592759000000171 0.2935232800000023 17.796271541
28 2140.504436145292 382.2711673051201 3140.504436145292 1382.2711673051201 0.20334577599999903 0.27345062399999875 18.297050304
29 2140.504436145292 382.2711673051201 3140.504436145292 1382.2711673051201 0.20380096600000286 0.2644111769999995 18.775160183
30 2140.504436145292 382.2711673051201 3140.504436145292 1382.2711673051201 0.3600567579999989 0.34885943600000147 19.244704538
31 2140.504436145292 382.2711673051201 3140.504436145292 1382.2711673051201 0.2226352509999998 0.6383805199999983 19.955010675
32 2140.504436145292 382.2711673051201 3140.504436145292 1382.2711673051201 0.20864745799999795 0.29668169700000036 20.817416064
33 2140.504436145292 382.2711673051201 3140.504436145292 1382.2711673051201 0.33114186799999956 0.3631447990000005 21.32413759
34 2140.504436145292 382.2711673051201 3140.504436145292 1382.2711673051201 0.3070847910000012 0.38211294699999954 22.019868013
35 2140.504436145292 382.2711673051201 3140.504436145292 1382.2711673051201 0.30567759299999864 0.30591544699999673 22.710468105
36 2140.504436145292 382.2711673051201 3140.504436145292 1382.2711673051201 0.21418621000000115 0.282158496000001 23.323466992
37 2140.504436145292 382.2711673051201 3140.504436145292 1382.2711673051201 0.31093668899999827 0.3205927399999986 23.821194068
38 2140.504436145292 382.2711673051201 3140.504436145292 1382.2711673051201 0.21547191100000163 0.2799728400000028 24.454343852
39 2140.504436145292 382.2711673051201 3140.504436145292 1382.2711673051201 0.5016317430000008 0.2833087499999998 24.951330816
40 2140.504436145292 382.2711673051201 3140.504436145292 1382.2711673051201 0.3363738739999995 0.5485395420000003 25.737536955
41 2140.504436145292 382.2711673051201 3140.504436145292 1382.2711673051201 0.325429714000002 0.533451325999998 26.624037795
42 2140.504436145292 382.2711673051201 3140.504436145292 1382.2711673051201 0.30302721199999993 0.5209801540000001 27.484295341
43 2140.504436145292 382.2711673051201 3140.504436145292 1382.2711673051201 0.6634624180000017 0.6110908689999981 28.309666001
44 2140.504436145292 382.2711673051201 3140.504436145292 1382.2711673051201 0.4801267530000004 0.976847235000001 29.585684983
45 2140.504436145292 382.2711673051201 3140.504436145292 1382.2711673051201 0.20615636900000212 0.2870306520000021 31.044326263
46 2140.504436145292 382.2711673051201 3140.504436145292 1382.2711673051201 0.21084545800000498 0.27531701200000214 31.53906703
47 2140.504436145292 382.2711673051201 3140.504436145292 1382.2711673051201 0.3137304699999959 0.3161330159999949 32.026725249
48 2140.504436145292 382.2711673051201 3140.504436145292 1382.2711673051201 0.2055978980000006 0.8047982570000016 32.657836745
49 2140.504436145292 382.2711673051201 3140.504436145292 1382.2711673051201 0.36446307700000347 0.9970057949999998 33.669713807
50 2140.504436145292 382.2711673051201 3140.504436145292 1382.2711673051201 0.29846153999999814 1.6521199780000018 35.032809687
51 2140.504436145292 382.2711673051201 3140.504436145292 1382.2711673051201 0.2125653370000009 0.33980179000000277 36.984918301
52 2140.504436145292 382.2711673051201 3140.504436145292 1382.2711673051201 0.21485467100000477 0.3282906509999961 37.538667156
53 2140.504436145292 382.2711673051201 3140.504436145292 1382.2711673051201 0.3141041170000065 0.311331758999998 38.083237904
54 2140.504436145292 382.2711673051201 3140.504436145292 1382.2711673051201 0.3168582480000026 0.32049537200000344 38.710396945
55 2140.504436145292 382.2711673051201 3140.504436145292 1382.2711673051201 0.21891484200000377 0.2971093589999967 39.349104544
56 2140.504436145292 382.2711673051201 3140.504436145292 1382.2711673051201 0.20762576499999597 0.5861012629999962 39.866638851
57 2140.504436145292 382.2711673051201 3140.504436145292 1382.2711673051201 0.21406474999999858 2.7220433909999997 40.661973811
58 2140.504436145292 382.2711673051201 3140.504436145292 1382.2711673051201 0.28254003099999636 0.2818339310000013 43.599547194
59 2140.504436145292 382.2711673051201 3140.504436145292 1382.2711673051201 0.21042110500000177 0.2801285560000011 44.166885311
60 2140.504436145292 382.2711673051201 3140.504436145292 1382.2711673051201 0.21264017000000024 0.27715217400000114 44.658810577
61 2140.504436145292 382.2711673051201 3140.504436145292 1382.2711673051201 0.22608878000000487 0.2848517920000049 45.149959797
62 2140.504436145292 382.2711673051201 3140.504436145292 1382.2711673051201 0.3274574120000011 0.31783710399999876 45.662292864
63 2140.504436145292 382.2711673051201 3140.504436145292 1382.2711673051201 0.21370060099999932 0.291208055999995 46.309085767
64 2140.504436145292 382.2711673051201 3140.504436145292 1382.2711673051201 0.3420070099999961 0.48335457700000006 46.815402559
65 2140.504436145292 382.2711673051201 3140.504436145292 1382.2711673051201 0.5694591210000013 1.3602631119999984 47.64224909
66 2140.504436145292 382.2711673051201 3140.504436145292 1382.2711673051201 0.213084864999999 0.3164924050000053 49.573318122
67 2140.504436145292 382.2711673051201 3140.504436145292 1382.2711673051201 0.3635859559999943 0.32439841499999744 50.104285838
68 2140.504436145292 382.2711673051201 3140.504436145292 1382.2711673051201 0.31074374500000346 0.32744517500000114 50.793907835
69 2140.504436145292 382.2711673051201 3140.504436145292 1382.2711673051201 0.21391725399999473 0.2834653660000015 51.433506464
70 2140.504436145292 382.2711673051201 3140.504436145292 1382.2711673051201 0.22063554400000385 0.2816813470000028 51.932226618
71 2140.504436145292 382.2711673051201 3140.504436145292 1382.2711673051201 0.3096955829999999 0.312400187999998 52.436353552
72 2140.504436145292 382.2711673051201 3140.504436145292 1382.2711673051201 0.22030011999999743 0.283969416000005 53.059928556
73 2140.504436145292 382.2711673051201 3140.504436145292 1382.2711673051201 0.38959207900000337 0.32236989799999805 53.565702379
74 2140.504436145292 382.2711673051201 3140.504436145292 1382.2711673051201 0.313028469999999 0.5101843730000013 54.27944735
75 2140.504436145292 382.2711673051201 3140.504436145292 1382.2711673051201 0.21916559200000307 0.28625275999999644 55.104107955
76 2140.504436145292 382.2711673051201 3140.504436145292 1382.2711673051201 0.316377101999997 0.3166373290000024 55.611008723
77 2140.504436145292 382.2711673051201 3140.504436145292 1382.2711673051201 0.22068638000000362 0.28704361199999795 56.245386729
78 2140.504436145292 382.2711673051201 3140.504436145292 1382.2711673051201 0.21991326599999894 0.29335450399999985 56.754608538
79 2140.504436145292 382.2711673051201 3140.504436145292 1382.2711673051201 0.22735135799999995 0.28654082000000614 57.26939502
80 2140.504436145292 382.2711673051201 3140.504436145292 1382.2711673051201 0.22757960300000235 0.2989239539999957 57.784686827
81 2140.504436145292 382.2711673051201 3140.504436145292 1382.2711673051201 0.23607921199999993 0.6697381960000044 58.3125831
82 2140.504436145292 382.2711673051201 3140.504436145292 1382.2711673051201 0.5157647479999952 2.7476927959999955 59.220009231
83 2140.504436145292 382.2711673051201 3140.504436145292 1382.2711673051201 0.39019526700000284 0.553101679000001 62.484576757
84 2140.504436145292 382.2711673051201 3140.504436145292 1382.2711673051201 0.4570657080000018 0.5841267610000003 63.428990377
85 2140.504436145292 382.2711673051201 3140.504436145292 1382.2711673051201 0.41821128799999485 0.34365349399999445 64.471746798
86 2140.504436145292 382.2711673051201 3140.504436145292 1382.2711673051201 0.3244112540000117 0.3767121460000027 65.237180601
87 2140.504436145292 382.2711673051201 3140.504436145292 1382.2711673051201 0.22497725700000615 0.2991393089999974 65.939795459
88 2140.504436145292 382.2711673051201 3140.504436145292 1382.2711673051201 0.3966219329999916 0.335219605000006 66.465296799
89 2140.504436145292 382.2711673051201 3140.504436145292 1382.2711673051201 0.31981017500000064 0.49009593499999937 67.198556184
90 2140.504436145292 382.2711673051201 3140.504436145292 1382.2711673051201 0.4377880459999943 0.6255462939999887 68.009903919
91 2140.504436145292 382.2711673051201 3140.504436145292 1382.2711673051201 0.5500181599999934 0.688304536000004 69.074599465
92 2140.504436145292 382.2711673051201 3140.504436145292 1382.2711673051201 0.4230419799999936 0.6688543000000067 70.314245752
93 2140.504436145292 382.2711673051201 3140.504436145292 1382.2711673051201 0.32819154899999603 0.3502277340000006 71.407576801
94 2140.504436145292 382.2711673051201 3140.504436145292 1382.2711673051201 0.22383365499999286 0.2980616600000019 72.087531613
95 2140.504436145292 382.2711673051201 3140.504436145292 1382.2711673051201 0.2625819339999964 0.3895174590000039 72.610793883
96 2140.504436145292 382.2711673051201 3140.504436145292 1382.2711673051201 0.33776145699999915 0.373943048000001 73.264420958
97 2140.504436145292 382.2711673051201 3140.504436145292 1382.2711673051201 0.2329928940000059 0.32125270199999534 73.977587639
98 2140.504436145292 382.2711673051201 3140.504436145292 1382.2711673051201 0.6891379159999929 0.8073142500000046 74.533252352
99 2140.504436145292 382.2711673051201 3140.504436145292 1382.2711673051201 0.22799534499999652 0.31691679700000464 76.031071423
100 2140.504436145292 382.2711673051201 3140.504436145292 1382.2711673051201 0.23959968599999115 0.3067699719999979 76.577454329
101 2140.504436145292 382.2711673051201 3140.504436145292 1382.2711673051201 0.22777910599999984 0.3099093259999961 77.125378047
102 2140.504436145292 382.2711673051201 3140.504436145292 1382.2711673051201 0.23617559699999902 0.3035740250000032 77.664461711
103 2140.504436145292 382.2711673051201 3140.504436145292 1382.2711673051201 0.23800152600000501 0.3129991030000099 78.205761073
104 2140.504436145292 382.2711673051201 3140.504436145292 1382.2711673051201 0.3576400609999979 0.3452749570000009 78.758336982
105 2140.504436145292 382.2711673051201 3140.504436145292 1382.2711673051201 0.23418185799999947 0.322515609000007 79.462677877
106 2140.504436145292 382.2711673051201 3140.504436145292 1382.2711673051201 0.9751359320000006 0.6603736050000037 80.020923796
107 2140.504436145292 382.2711673051201 3140.504436145292 1382.2711673051201 0.2584464870000005 0.36365841699999635 81.658026414
108 2140.504436145292 382.2711673051201 3140.504436145292 1382.2711673051201 0.2627935069999978 0.3467363010000071 82.281720202
109 2140.504436145292 382.2711673051201 3140.504436145292 1382.2711673051201 0.2797577740000037 0.3670434200000017 82.892777225
110 2140.504436145292 382.2711673051201 3140.504436145292 1382.2711673051201 0.26004239499999926 0.41771150400001034 83.541146199
111 2140.504436145292 382.2711673051201 3140.504436145292 1382.2711673051201 0.25988968800000123 0.33201519400000734 84.220426996
112 2140.504436145292 382.2711673051201 3140.504436145292 1382.2711673051201 0.3834000789999976 0.37156236000001286 84.813796504
113 2140.504436145292 382.2711673051201 3140.504436145292 1382.2711673051201 0.3693368969999966 0.38135390899999777 85.570384414
114 2140.504436145292 382.2711673051201 3140.504436145292 1382.2711673051201 0.3794265850000045 0.3646929909999983 86.322532258
115 2140.504436145292 382.2711673051201 3140.504436145292 1382.2711673051201 0.4608955470000069 0.37593856799999514 87.068110987
116 2140.504436145292 382.2711673051201 3140.504436145292 1382.2711673051201 0.2521932770000035 0.438027175000002 87.906502618
117 2140.504436145292 382.2711673051201 3140.504436145292 1382.2711673051201 0.2732051269999971 0.45093111899998917 88.598541341
118 2140.504436145292 382.2711673051201 3140.504436145292 1382.2711673051201 0.40526764899999534 0.3933871029999949 89.324458459
119 2140.504436145292 382.2711673051201 3140.504436145292 1382.2711673051201 0.28480301799999097 0.4087922209999988 90.124874644
120 2140.504436145292 382.2711673051201 3140.504436145292 1382.2711673051201 0.2800692149999975 0.36838252799999793 90.820112704
121 2140.504436145292 382.2711673051201 3140.504436145292 1382.2711673051201 0.37912649700000145 0.4475638429999975 91.470327114
122 2140.504436145292 382.2711673051201 3140.504436145292 1382.2711673051201 0.3726076669999969 0.3881802140000019 92.298823531
123 2140.504436145292 382.2711673051201 3140.504436145292 1382.2711673051201 0.37255570499999635 2.256247753000011 93.061132291
124 2140.504436145292 382.2711673051201 3140.504436145292 1382.2711673051201 0.25508454499998834 0.454473323000002 95.691438902
125 2140.504436145292 382.2711673051201 3140.504436145292 1382.2711673051201 0.3607297980000084 0.34675533800000835 96.402651078
126 2140.504436145292 382.2711673051201 3140.504436145292 1382.2711673051201 0.2688964799999951 0.34413993699999423 97.111548353
127 2140.504436145292 382.2711673051201 3140.504436145292 1382.2711673051201 0.38596635800000456 0.4407276660000008 97.726172155
128 2140.504436145292 382.2711673051201 3140.504436145292 1382.2711673051201 0.3890117600000025 0.47106704799999477 98.554405755
129 2140.504436145292 382.2711673051201 3140.504436145292 1382.2711673051201 0.24660296999999787 0.34823359099999607 99.416112016
130 2140.504436145292 382.2711673051201 3140.504436145292 1382.2711673051201 0.564659000000006 0.9071615280000032 100.012509172
131 2140.504436145292 382.2711673051201 3140.504436145292 1382.2711673051201 0.3348270280000065 1.5230609000000044 101.485904217
132 2140.504436145292 382.2711673051201 3140.504436145292 1382.2711673051201 0.7447541690000037 3.0827413699999937 103.346865664
133 2140.504436145292 382.2711673051201 3140.504436145292 1382.2711673051201 0.7799410339999895 0.7317927689999948 107.176095615
134 2140.504436145292 382.2711673051201 3140.504436145292 1382.2711673051201 0.3086418560000084 0.7702164469999957 108.689289882
135 2140.504436145292 382.2711673051201 3140.504436145292 1382.2711673051201 0.6120242549999944 0.5754192669999867 109.769678168
136 2140.504436145292 382.2711673051201 3140.504436145292 1382.2711673051201 0.5878437639999987 1.1067294529999998 110.958802643
137 2140.504436145292 382.2711673051201 3140.504436145292 1382.2711673051201 0.6214096359999957 0.724702016000009 112.654962664
138 2140.504436145292 382.2711673051201 3140.504436145292 1382.2711673051201 0.40383870600000193 0.8714926709999986 114.002581148
139 2140.504436145292 382.2711673051201 3140.504436145292 1382.2711673051201 0.538641209000005 0.4918254330000025 115.279596989
140 2140.504436145292 382.2711673051201 3140.504436145292 1382.2711673051201 0.27949593600000355 0.7402067879999947 116.311551495
141 2140.504436145292 382.2711673051201 3140.504436145292 1382.2711673051201 0.40478203100001053 0.4518343689999966 117.332837472
142 2140.504436145292 382.2711673051201 3140.504436145292 1382.2711673051201 0.3479132359999966 0.8329625519999979 118.191030515
143 2140.504436145292 382.2711673051201 3140.504436145292 1382.2711673051201 0.34286369400000183 1.181363527000002 119.373575396
144 2140.504436145292 382.2711673051201 3140.504436145292 1382.2711673051201 0.4571406809999985 3.9183304750000048 120.899355582
145 2140.504436145292 382.2711673051201 3140.504436145292 1382.2711673051201 0.2687483429999986 2.940814510999985 125.276189664
146 2140.504436145292 382.2711673051201 3140.504436145292 1382.2711673051201 1.3125920500000063 2.7870918660000257 128.486878258
147 2140.504436145292 382.2711673051201 3140.504436145292 1382.2711673051201 0.7756336470000065 1.0101516400000037 132.588258282
148 2140.504436145292 382.2711673051201 3140.504436145292 1382.2711673051201 0.4626488269999811 1.3452868229999808 134.375528808
149 2140.504436145292 382.2711673051201 3140.504436145292 1382.2711673051201 0.41949388300000123 0.3942268079999849 136.184976168
150 2140.504436145292 382.2711673051201 3140.504436145292 1382.2711673051201 0.45008543899999154 0.40930427700001815 137.000203741
